1 0.509984 0.505429 0.510180 0.505753 0.516133 0.515607 0.519184 0.516961 0.520818 0.526450 0.523809 0.539464 0.531224 0.548630 0.531638 0.549350 0.533989 0.553433 0.539553 0.563247 0.550231 0.574411 0.554838 0.570612 0.557063 0.576270 0.559917 0.583529 0.559917 0.583529 0.566024 0.589517 0.566568 0.590051 0.570415 0.591570 0.578171 0.601322 0.576789 0.602063 0.570815 0.599466 0.561610 0.591073 0.557817 0.587172 0.556812 0.586698 0.549995 0.579870 0.528839 0.557763 0.509507 0.520994 0.509971 0.505856 0.509984 0.505429
2 0.529912 0.493623 0.535546 0.488890 0.532102 0.497113 0.537348 0.500754 0.544821 0.500713 0.548271 0.510711 0.552153 0.523687 0.552507 0.526306 0.553112 0.528150 0.553418 0.529929 0.554712 0.533730 0.557025 0.544983 0.561564 0.559124 0.561966 0.563077 0.562438 0.563996 0.559582 0.563976 0.557459 0.563832 0.556481 0.563754 0.555833 0.563677 0.553524 0.565056 0.553196 0.565939 0.553418 0.567619 0.554240 0.569058 0.554850 0.570627 0.552588 0.572467 0.552560 0.572475 0.552419 0.571996 0.549776 0.562851 0.547565 0.563624 0.546943 0.570980 0.545258 0.567021 0.542311 0.564616 0.544609 0.564357 0.544039 0.561696 0.546047 0.554950 0.541575 0.553588 0.542523 0.551448 0.540031 0.549321 0.535939 0.556777 0.534825 0.554794 0.536547 0.551227 0.538510 0.547150 0.537030 0.545727 0.530920 0.548257 0.529732 0.546785 0.532296 0.545348 0.535455 0.540943 0.533647 0.538863 0.531909 0.538566 0.528147 0.541131 0.528617 0.543275 0.528943 0.545808 0.525095 0.541052 0.523809 0.539465 0.523743 0.539183 0.522887 0.535456 0.524428 0.536097 0.524936 0.539070 0.526752 0.541077 0.530118 0.538003 0.532898 0.533469 0.529912 0.528674 0.527798 0.527563 0.524595 0.527710 0.521613 0.529931 0.521169 0.527993 0.524361 0.526002 0.526623 0.524701 0.522937 0.524126 0.528837 0.521601 0.528642 0.517420 0.533814 0.513002 0.524815 0.512223 0.526397 0.507660 0.533230 0.506746 0.528320 0.503992 0.526621 0.506084 0.522508 0.510825 0.517952 0.516414 0.516134 0.515610 0.516996 0.514449 0.520048 0.511024 0.522794 0.507310 0.526224 0.505507 0.527291 0.504333 0.523787 0.504568 0.518552 0.506007 0.516505 0.507075 0.514866 0.510362 0.515075 0.513860 0.513353 0.511004 0.514418 0.510381 0.515789 0.507700 0.517716 0.505747 0.517265 0.504051 0.513705 0.504738 0.511979 0.508735 0.510268 0.505894 0.510152 0.505715 0.509983 0.505434 0.509260 0.503650 0.510343 0.503172 0.511571 0.505359 0.513338 0.504827 0.521008 0.501038 0.522489 0.497531 0.520293 0.494286 0.517014 0.492944 0.513462 0.494480 0.513405 0.494496 0.513366 0.494488 0.513324 0.494393 0.513062 0.493816 0.514829 0.489512 0.514942 0.489245 0.515045 0.489299 0.520463 0.492274 0.526955 0.497057 0.529912 0.493623
5 0.523929 0.539611 0.523869 0.539539 0.523809 0.539464 0.523929 0.539611
5 0.523809 0.539465 0.523743 0.539183 0.523809 0.539464 0.523809 0.539465
5 0.522887 0.535456 0.522887 0.535456 0.523743 0.539183 0.522887 0.535456
5 0.521617 0.529928 0.521613 0.529931 0.521169 0.527993 0.521172 0.527991 0.521189 0.528064 0.521617 0.529928
5 0.515075 0.513860 0.514506 0.512917 0.515074 0.513857 0.515075 0.513860
5 0.516134 0.515610 0.515074 0.513857 0.514866 0.510362 0.516505 0.507075 0.518552 0.506007 0.523787 0.504568 0.527291 0.504333 0.526224 0.505507 0.522794 0.507310 0.520048 0.511024 0.516996 0.514449 0.516134 0.515610
5 0.514418 0.510381 0.513353 0.511004 0.514506 0.512917 0.509983 0.505434 0.510182 0.505753 0.510268 0.505894 0.511979 0.508735 0.513208 0.505890 0.513705 0.504738 0.517265 0.504051 0.517716 0.505747 0.516625 0.506853 0.515789 0.507700 0.514418 0.510381
5 0.510343 0.503172 0.509256 0.503647 0.508640 0.502138 0.509143 0.497338 0.513110 0.494672 0.513351 0.494532 0.517014 0.492944 0.520293 0.494286 0.522489 0.497531 0.521008 0.501038 0.513338 0.504827 0.511571 0.505359 0.510343 0.503172
5 0.535546 0.488890 0.529912 0.493623 0.526955 0.497057 0.520463 0.492274 0.514942 0.489245 0.513062 0.493816 0.513371 0.494496 0.513110 0.494672 0.513110 0.494672 0.509143 0.497338 0.508703 0.501534 0.508640 0.502138 0.504599 0.492229 0.503655 0.486325 0.509008 0.478764 0.517582 0.481649 0.526947 0.483913 0.535546 0.488890
5 0.567785 0.574183 0.567975 0.579476 0.573675 0.588031 0.574134 0.590655 0.573955 0.591634 0.572062 0.593607 0.570415 0.591570 0.566568 0.590051 0.559917 0.583529 0.558642 0.580285 0.555410 0.572068 0.554240 0.569058 0.553418 0.567619 0.553196 0.565939 0.553524 0.565056 0.555792 0.563688 0.556729 0.563782 0.559582 0.563976 0.562438 0.563996 0.564834 0.568703 0.567785 0.574183
5 0.546943 0.570980 0.546939 0.570969 0.546944 0.570975 0.546943 0.570980
5 0.550231 0.574411 0.547411 0.571463 0.546944 0.570975 0.547565 0.563624 0.549776 0.562851 0.552565 0.572483 0.550231 0.574411
5 0.542311 0.564616 0.545258 0.567021 0.546939 0.570969 0.544354 0.568267 0.539553 0.563247 0.536650 0.558054 0.531224 0.548630 0.530922 0.548257 0.537030 0.545727 0.538510 0.547150 0.534825 0.554794 0.535939 0.556777 0.540031 0.549321 0.542523 0.551448 0.541575 0.553588 0.546047 0.554950 0.544039 0.561696 0.544609 0.564357 0.542311 0.564616
5 0.529840 0.546919 0.530922 0.548257 0.530920 0.548257 0.529840 0.546919
5 0.529840 0.546919 0.523929 0.539611 0.525095 0.541052 0.528943 0.545808 0.528617 0.543275 0.528147 0.541131 0.531909 0.538566 0.533647 0.538863 0.535455 0.540943 0.532296 0.545348 0.529732 0.546785 0.529840 0.546919
5 0.523929 0.539611 0.523929 0.539611 0.523929 0.539611 0.523929 0.539611
5 0.524595 0.527710 0.527798 0.527563 0.529912 0.528674 0.532898 0.533469 0.530118 0.538003 0.526752 0.541077 0.524936 0.539070 0.524428 0.536097 0.522887 0.535456 0.522048 0.531799 0.521617 0.529928 0.524595 0.527710
5 0.526623 0.524701 0.524361 0.526002 0.521172 0.527991 0.520818 0.526450 0.520518 0.524707 0.519184 0.516961 0.516134 0.515610 0.517952 0.516414 0.522508 0.510825 0.526621 0.506084 0.528320 0.503992 0.533230 0.506746 0.526397 0.507660 0.524815 0.512223 0.533814 0.513002 0.528642 0.517420 0.528837 0.521601 0.522937 0.524126 0.526623 0.524701
7 0.469837 0.515275 0.474342 0.520597 0.478903 0.528756 0.483973 0.538236 0.484910 0.539743 0.485818 0.539493 0.485104 0.537965 0.482997 0.533687 0.479548 0.526436 0.478079 0.522957 0.475707 0.518715 0.474271 0.516623 0.471661 0.513391 0.471661 0.513391 0.469837 0.515275
9 0.487284 0.479875 0.486920 0.479913 0.483941 0.482383 0.481596 0.485477 0.481399 0.485737 0.481226 0.485966 0.479931 0.489187 0.478741 0.493737 0.478238 0.496199 0.477986 0.499454 0.477973 0.504814 0.478414 0.512156 0.480860 0.522017 0.489738 0.539541 0.494146 0.547395 0.496412 0.550992 0.497930 0.553394 0.500111 0.556762 0.501759 0.558943 0.502941 0.560380 0.505431 0.562916 0.506422 0.564183 0.509319 0.567886 0.511002 0.570349 0.512139 0.572314 0.520196 0.581490 0.522933 0.584743 0.523400 0.585315 0.525079 0.587510 0.525705 0.588353 0.527509 0.590372 0.531133 0.593923 0.532241 0.594941 0.533508 0.595989 0.537250 0.599099 0.537736 0.599504 0.540160 0.601193 0.541735 0.602317 0.542280 0.602569 0.542776 0.602799 0.546644 0.603864 0.548756 0.604281 0.549556 0.604379 0.549925 0.604425 0.558497 0.605483 0.562079 0.605925 0.562289 0.605951 0.563460 0.606095 0.570688 0.609166 0.571856 0.609910 0.571997 0.609722 0.572947 0.609238 0.574145 0.608604 0.579224 0.606040 0.576789 0.602063 0.570815 0.599466 0.554590 0.584672 0.528839 0.557763 0.509507 0.520994 0.509984 0.505429 0.504593 0.492228 0.503655 0.486325 0.497409 0.478658 0.493552 0.486161 0.489335 0.485459 0.487284 0.479875
12 0.469590 0.535047 0.468990 0.531554 0.468914 0.530521 0.470611 0.529263 0.468652 0.526413 0.466982 0.523577 0.464177 0.521678 0.461930 0.520767 0.459658 0.519964 0.455657 0.520047 0.454151 0.520602 0.452403 0.521580 0.450854 0.523074 0.450743 0.526495 0.449459 0.527413 0.449542 0.530025 0.449963 0.532658 0.449840 0.535098 0.449771 0.535806 0.446582 0.536000 0.443816 0.535978 0.442677 0.535909 0.442342 0.533890 0.442444 0.534522 0.442674 0.535906 0.442056 0.535938 0.440723 0.536010 0.440682 0.536016 0.439962 0.536048 0.438529 0.536121 0.438467 0.536125 0.438496 0.535435 0.438985 0.521307 0.439792 0.515905 0.443591 0.510879 0.446667 0.508898 0.446706 0.508872 0.447240 0.508535 0.448600 0.507660 0.454431 0.506013 0.459035 0.505911 0.463391 0.507453 0.468909 0.510394 0.471662 0.513391 0.469834 0.515272 0.471382 0.517098 0.471432 0.517155 0.471611 0.517372 0.474342 0.520596 0.477035 0.525407 0.477059 0.525459 0.477326 0.525942 0.478908 0.528757 0.483974 0.538234 0.484768 0.539521 0.484906 0.539743 0.485239 0.539655 0.491442 0.550829 0.495885 0.556909 0.499304 0.562189 0.501354 0.565203 0.503647 0.568325 0.505445 0.570764 0.507743 0.573326 0.510514 0.575480 0.510460 0.575548 0.510514 0.575480 0.513337 0.578346 0.517047 0.582520 0.520498 0.586274 0.523513 0.590122 0.525652 0.592429 0.528600 0.595222 0.534120 0.600228 0.537456 0.602745 0.539280 0.604538 0.541280 0.607365 0.543234 0.610049 0.542330 0.610536 0.541304 0.611083 0.541308 0.611080 0.540106 0.611750 0.539493 0.612093 0.539482 0.612084 0.539489 0.612094 0.539008 0.612315 0.535037 0.613400 0.533062 0.611029 0.532428 0.609179 0.532999 0.607771 0.531989 0.607742 0.528970 0.607215 0.525732 0.604348 0.523950 0.602771 0.523202 0.601825 0.523071 0.600719 0.520636 0.598963 0.517471 0.595149 0.513266 0.589808 0.503930 0.580844 0.498541 0.575438 0.496428 0.573824 0.494243 0.575822 0.493128 0.579983 0.487992 0.574818 0.487165 0.573870 0.485516 0.571516 0.479547 0.561378 0.476635 0.557029 0.472323 0.548265 0.470039 0.543937 0.467966 0.539849 0.469453 0.536355 0.469590 0.535047
12 0.438467 0.536125 0.438467 0.536129 0.438454 0.536126 0.438467 0.536125
22 0.413305 0.565982 0.417172 0.566633 0.420932 0.563919 0.421023 0.562644 0.421796 0.563207 0.426054 0.562241 0.431278 0.561424 0.432172 0.561575 0.433085 0.561542 0.433816 0.561399 0.434495 0.561500 0.434944 0.561531 0.435642 0.562088 0.439513 0.562582 0.442004 0.562221 0.441893 0.560791 0.442743 0.558877 0.441656 0.554743 0.439223 0.550596 0.436806 0.550035 0.438869 0.549417 0.439031 0.548064 0.436977 0.547262 0.438376 0.546824 0.437433 0.545821 0.438345 0.546153 0.437775 0.545133 0.438103 0.543007 0.436858 0.539628 0.435806 0.539891 0.436302 0.538290 0.435125 0.526640 0.434764 0.526507 0.434044 0.526288 0.433522 0.526704 0.433755 0.525685 0.433285 0.524764 0.433198 0.524337 0.433573 0.524983 0.434117 0.525845 0.435020 0.525580 0.434963 0.522920 0.435237 0.520380 0.435151 0.519377 0.434163 0.518507 0.435266 0.516700 0.436155 0.515398 0.437045 0.513842 0.437522 0.512055 0.437662 0.511293 0.437459 0.510723 0.437455 0.509346 0.439897 0.503533 0.440677 0.502758 0.440245 0.501890 0.440560 0.501709 0.445286 0.498250 0.450143 0.496438 0.454497 0.495338 0.457778 0.494579 0.459628 0.495194 0.462493 0.495361 0.464132 0.495855 0.465736 0.496809 0.467377 0.497350 0.469856 0.498445 0.472316 0.497922 0.473261 0.498962 0.472817 0.499879 0.471948 0.500069 0.471420 0.500579 0.472174 0.501721 0.473645 0.501831 0.474594 0.502347 0.474450 0.502868 0.473692 0.502641 0.472808 0.502925 0.473750 0.504516 0.475603 0.505402 0.475643 0.506465 0.474637 0.505914 0.474205 0.506475 0.475206 0.507914 0.475937 0.508581 0.475971 0.510336 0.476006 0.511903 0.476431 0.512416 0.477188 0.514445 0.477752 0.516633 0.479009 0.519984 0.480001 0.522308 0.481082 0.524472 0.481357 0.526188 0.482321 0.527647 0.483099 0.528517 0.482671 0.528761 0.483342 0.529729 0.483285 0.530124 0.484137 0.531981 0.484836 0.532762 0.485739 0.534523 0.486280 0.535507 0.487165 0.537483 0.488598 0.540406 0.489823 0.543255 0.490967 0.545367 0.491948 0.546888 0.492398 0.548334 0.493308 0.549444 0.493742 0.549944 0.494288 0.550628 0.494195 0.551044 0.494819 0.551741 0.495201 0.551791 0.496260 0.553097 0.496109 0.553290 0.495792 0.552875 0.495319 0.552303 0.495146 0.552438 0.495351 0.553026 0.496375 0.554277 0.496640 0.553826 0.497615 0.555528 0.498754 0.557353 0.499103 0.558019 0.499499 0.557907 0.499530 0.558363 0.500504 0.559635 0.501263 0.560105 0.501770 0.560773 0.501386 0.561194 0.503276 0.563694 0.504837 0.565737 0.505044 0.565979 0.505664 0.566464 0.506470 0.567333 0.507709 0.568070 0.509000 0.569327 0.509284 0.569202 0.509649 0.569624 0.510076 0.570380 0.509775 0.570525 0.508774 0.569478 0.507864 0.568988 0.507294 0.569789 0.507998 0.570439 0.508934 0.570928 0.510234 0.571880 0.510746 0.571937 0.510405 0.571420 0.509220 0.570840 0.508513 0.570293 0.508086 0.569547 0.508352 0.569638 0.509359 0.570833 0.510073 0.571109 0.510734 0.570667 0.510078 0.569399 0.508365 0.567713 0.506424 0.566728 0.506460 0.566306 0.506460 0.566306 0.507345 0.566854 0.507488 0.566716 0.505383 0.564404 0.504181 0.562853 0.502411 0.560730 0.501382 0.559479 0.499723 0.557177 0.498835 0.555898 0.498703 0.556516 0.498186 0.555156 0.497485 0.554249 0.495808 0.551528 0.495000 0.550202 0.494289 0.549871 0.492934 0.547841 0.494103 0.549272 0.494329 0.549122 0.493137 0.547383 0.491541 0.544767 0.489790 0.541233 0.487464 0.536773 0.486523 0.534799 0.486007 0.533543 0.485458 0.532569 0.484820 0.531734 0.484284 0.531003 0.483762 0.529617 0.483477 0.528499 0.482457 0.527033 0.482009 0.525830 0.481384 0.523832 0.480568 0.522347 0.479987 0.520880 0.479268 0.519680 0.478018 0.515254 0.478248 0.513518 0.476995 0.510662 0.477248 0.508560 0.476722 0.503358 0.476227 0.499121 0.477017 0.497095 0.476240 0.495005 0.475235 0.495462 0.473963 0.491784 0.474448 0.489714 0.474182 0.485241 0.472810 0.481149 0.472087 0.479768 0.470535 0.477789 0.468563 0.476751 0.462582 0.480251 0.459830 0.481196 0.459191 0.481499 0.457705 0.482203 0.458018 0.481345 0.457210 0.480412 0.455106 0.481797 0.451062 0.485306 0.447629 0.486886 0.445021 0.488669 0.445062 0.490367 0.443120 0.488988 0.434362 0.493932 0.428784 0.497757 0.424676 0.501851 0.420060 0.508916 0.419592 0.509582 0.419599 0.509629 0.421864 0.512190 0.421991 0.516359 0.419500 0.511827 0.417410 0.517505 0.417072 0.517063 0.414742 0.528561 0.415582 0.527326 0.416320 0.526423 0.418747 0.526284 0.421118 0.524231 0.419520 0.526846 0.416067 0.528126 0.414808 0.529978 0.414999 0.532509 0.421577 0.530935 0.417175 0.532708 0.415242 0.536160 0.413767 0.537190 0.413213 0.540158 0.413945 0.543558 0.414378 0.546586 0.414814 0.549555 0.416781 0.550062 0.416310 0.551205 0.415369 0.553490 0.416614 0.559411 0.413305 0.565982
23 0.525705 0.588353 0.527509 0.590372 0.531133 0.593923 0.532241 0.594941 0.533508 0.595989 0.537736 0.599504 0.540160 0.601215 0.540968 0.601752 0.541735 0.602317 0.542776 0.602799 0.546644 0.603864 0.548756 0.604281 0.563460 0.606095 0.570688 0.609166 0.571957 0.609974 0.574595 0.611963 0.578151 0.615059 0.580304 0.618014 0.582207 0.621481 0.583920 0.628868 0.583519 0.635246 0.580633 0.641670 0.579227 0.642252 0.577874 0.639025 0.577454 0.635713 0.576034 0.631714 0.574305 0.629066 0.572417 0.626201 0.570568 0.624194 0.564001 0.619080 0.560378 0.617592 0.550711 0.612848 0.546886 0.610187 0.542968 0.605532 0.541725 0.603814 0.541021 0.602919 0.539605 0.601561 0.538942 0.600927 0.537773 0.600073 0.537067 0.599557 0.535272 0.598000 0.531207 0.594422 0.529703 0.592986 0.526862 0.590304 0.525877 0.589031 0.525435 0.588616 0.525497 0.588574 0.525705 0.588353
23 0.455975 0.541884 0.455690 0.537224 0.455825 0.536000 0.455827 0.535991 0.455830 0.535984 0.455838 0.535962 0.455839 0.535960 0.456193 0.535003 0.458009 0.533088 0.458634 0.532051 0.459781 0.530989 0.461108 0.532198 0.463091 0.533900 0.465035 0.535743 0.466371 0.537176 0.467662 0.539246 0.467946 0.539811 0.467966 0.539849 0.467976 0.539870 0.467978 0.539873 0.470039 0.543937 0.472322 0.548265 0.476635 0.557029 0.479547 0.561378 0.485516 0.571516 0.487165 0.573870 0.487993 0.574819 0.492960 0.579814 0.493128 0.579983 0.493290 0.580088 0.496750 0.582350 0.497773 0.583461 0.498727 0.584725 0.501509 0.587511 0.503223 0.588908 0.503774 0.589484 0.503920 0.589648 0.506846 0.592539 0.511837 0.597165 0.516326 0.601125 0.526916 0.609780 0.529831 0.612449 0.531922 0.614414 0.532230 0.614729 0.533433 0.616005 0.537052 0.619432 0.539504 0.621047 0.541921 0.622396 0.542224 0.622576 0.542263 0.622598 0.542648 0.622827 0.544166 0.623551 0.544899 0.624040 0.547328 0.625040 0.547616 0.625429 0.548267 0.625781 0.548707 0.625798 0.549241 0.626123 0.551066 0.627177 0.551834 0.627226 0.552200 0.627443 0.552719 0.627755 0.552993 0.628237 0.555847 0.629748 0.557409 0.631001 0.558083 0.631437 0.559013 0.631946 0.559866 0.632429 0.560582 0.632957 0.561152 0.633585 0.561779 0.634022 0.561885 0.634485 0.561608 0.634720 0.561498 0.634813 0.561379 0.634921 0.560870 0.635383 0.560692 0.635970 0.560253 0.635785 0.559746 0.636108 0.559422 0.635992 0.558234 0.635998 0.555998 0.636139 0.555031 0.636221 0.554298 0.635732 0.551818 0.635434 0.548765 0.634827 0.543860 0.633822 0.541306 0.632706 0.539477 0.631931 0.533103 0.629012 0.524722 0.623907 0.518371 0.619866 0.511956 0.615267 0.506154 0.610691 0.500811 0.606641 0.495790 0.602278 0.494296 0.601487 0.493377 0.601275 0.493135 0.601220 0.493112 0.601215 0.493111 0.601215 0.493086 0.601209 0.492925 0.601064 0.490245 0.598651 0.484968 0.593588 0.475787 0.584074 0.471969 0.579094 0.469025 0.574410 0.466957 0.570060 0.465970 0.567964 0.465967 0.567949 0.465957 0.567782 0.465875 0.566304 0.465307 0.564500 0.464063 0.562106 0.463900 0.561766 0.461042 0.555471 0.458479 0.550135 0.457121 0.547547 0.457062 0.547432 0.457058 0.547426 0.457058 0.547425 0.457044 0.547375 0.457021 0.547289 0.457025 0.547305 0.456464 0.545239 0.455975 0.541884
23 0.414977 0.522882 0.416502 0.517715 0.416766 0.516935 0.418249 0.512543 0.418473 0.511871 0.420706 0.506838 0.424992 0.500886 0.425154 0.500727 0.429140 0.496885 0.431663 0.494708 0.432235 0.494655 0.434367 0.492682 0.434756 0.492402 0.435112 0.492304 0.437928 0.490474 0.440444 0.489250 0.446135 0.486437 0.450965 0.483994 0.456885 0.479817 0.460721 0.476818 0.461787 0.476155 0.462072 0.475977 0.465639 0.473756 0.469854 0.470717 0.470403 0.470321 0.472539 0.468977 0.473623 0.468644 0.475751 0.467992 0.476605 0.468089 0.479643 0.469070 0.481882 0.470687 0.481983 0.470872 0.484915 0.476449 0.485738 0.478809 0.486920 0.479913 0.483941 0.482383 0.481226 0.485966 0.479931 0.489187 0.478741 0.493737 0.478238 0.496199 0.478069 0.498386 0.477986 0.499454 0.477973 0.504813 0.478064 0.506358 0.478414 0.512154 0.480857 0.522017 0.483424 0.527075 0.493990 0.547147 0.497723 0.553075 0.500111 0.556762 0.501920 0.559156 0.502708 0.560114 0.502941 0.560380 0.505431 0.562916 0.509111 0.567616 0.509320 0.567886 0.511002 0.570348 0.512139 0.572315 0.517554 0.578481 0.517633 0.578574 0.517691 0.578636 0.520197 0.581489 0.523199 0.585059 0.523964 0.586033 0.524888 0.587252 0.525496 0.588073 0.525705 0.588353 0.525515 0.588551 0.525435 0.588616 0.521306 0.583263 0.519998 0.581873 0.518187 0.580004 0.516774 0.578550 0.515365 0.577148 0.514469 0.576146 0.513887 0.575259 0.512729 0.573865 0.511632 0.572920 0.510519 0.572212 0.509333 0.571818 0.508269 0.571048 0.507044 0.569825 0.506664 0.569102 0.506442 0.568679 0.504693 0.566478 0.504248 0.565807 0.504106 0.565603 0.503913 0.565271 0.503456 0.564670 0.503010 0.564387 0.501185 0.561927 0.500722 0.561133 0.500331 0.560544 0.497695 0.556932 0.496060 0.554339 0.495513 0.553894 0.495273 0.553335 0.494020 0.551104 0.493409 0.549778 0.493109 0.549659 0.492005 0.547908 0.491686 0.547320 0.491507 0.546674 0.491104 0.546039 0.490766 0.545622 0.490168 0.544518 0.489135 0.542839 0.488319 0.541104 0.485913 0.536663 0.485096 0.535170 0.484520 0.533848 0.483369 0.531790 0.483020 0.531376 0.482496 0.530152 0.482471 0.529574 0.482287 0.529236 0.482018 0.529037 0.481544 0.527930 0.481129 0.527263 0.480800 0.526536 0.479604 0.523710 0.478591 0.521804 0.477718 0.519459 0.477220 0.518186 0.476702 0.517678 0.475819 0.516168 0.475398 0.515341 0.471017 0.509288 0.468559 0.507814 0.467770 0.506971 0.464149 0.504803 0.461799 0.503759 0.460826 0.503443 0.459846 0.502810 0.453963 0.502453 0.447971 0.503775 0.445157 0.505459 0.443196 0.507028 0.440218 0.508884 0.437699 0.512974 0.436503 0.515962 0.435936 0.518328 0.435635 0.519589 0.435584 0.520183 0.435524 0.520884 0.435345 0.522994 0.435143 0.525365 0.435196 0.525833 0.435527 0.528793 0.435757 0.530840 0.435987 0.532897 0.436137 0.534214 0.436372 0.535263 0.437152 0.538637 0.438039 0.542032 0.438814 0.544998 0.439832 0.547752 0.440996 0.550900 0.442033 0.553982 0.443979 0.558003 0.445886 0.561274 0.447394 0.564040 0.447726 0.565611 0.447621 0.565840 0.447547 0.566009 0.445722 0.565093 0.438428 0.562535 0.438326 0.562500 0.435758 0.562246 0.432362 0.561911 0.432259 0.561920 0.429590 0.562132 0.425966 0.562421 0.423943 0.563247 0.420815 0.564523 0.416745 0.566926 0.415150 0.567867 0.413342 0.569514 0.409440 0.572385 0.408290 0.574203 0.405929 0.577923 0.405515 0.578576 0.405327 0.578871 0.404972 0.579441 0.404702 0.579878 0.404606 0.580034 0.404172 0.580735 0.403832 0.581285 0.403774 0.581319 0.402616 0.584125 0.400385 0.590285 0.399639 0.591892 0.398381 0.596651 0.397684 0.600207 0.396398 0.605075 0.397679 0.605425 0.397204 0.609730 0.396972 0.609744 0.396259 0.611192 0.396933 0.612113 0.396887 0.612845 0.396189 0.613265 0.396331 0.614935 0.396231 0.617630 0.396311 0.621806 0.396529 0.625141 0.396485 0.626990 0.396373 0.629849 0.396376 0.631228 0.396062 0.632439 0.395593 0.634207 0.395202 0.635243 0.394170 0.637244 0.393220 0.638590 0.392624 0.639276 0.392327 0.639461 0.389979 0.640920 0.389075 0.641482 0.388961 0.641553 0.388832 0.641636 0.388386 0.641935 0.388090 0.642011 0.385206 0.642755 0.382979 0.642977 0.382724 0.643003 0.382570 0.643018 0.381039 0.643171 0.380434 0.643051 0.379628 0.642918 0.378842 0.642788 0.378123 0.642669 0.377485 0.642564 0.376618 0.642421 0.376336 0.642374 0.373935 0.641770 0.373420 0.641641 0.373286 0.641594 0.372257 0.641237 0.371892 0.641110 0.369605 0.640316 0.366868 0.638663 0.366536 0.638467 0.364747 0.637398 0.363449 0.636623 0.361883 0.635723 0.359392 0.633924 0.357710 0.632231 0.355197 0.629573 0.352918 0.626399 0.350361 0.622443 0.348288 0.618613 0.346687 0.613359 0.346009 0.611072 0.345990 0.610933 0.345869 0.610104 0.344472 0.599220 0.344566 0.568877 0.344565 0.568807 0.344515 0.568558 0.366037 0.584282 0.368695 0.583985 0.390462 0.571187 0.390888 0.570937 0.411040 0.565634 0.413293 0.565980 0.413387 0.565998 0.413478 0.566011 0.414543 0.566190 0.417170 0.566632 0.417170 0.566633 0.419044 0.565282 0.420932 0.563917 0.421023 0.562643 0.421713 0.563147 0.421799 0.563207 0.426054 0.562240 0.429280 0.561737 0.431278 0.561424 0.432172 0.561575 0.433085 0.561542 0.433816 0.561399 0.434495 0.561499 0.434944 0.561531 0.435642 0.562088 0.439513 0.562582 0.442004 0.562221 0.441893 0.560791 0.442745 0.558878 0.442267 0.557065 0.441657 0.554745 0.440844 0.553363 0.439222 0.550597 0.438277 0.550377 0.436808 0.550036 0.438870 0.549418 0.439031 0.548064 0.437857 0.547603 0.436977 0.547261 0.438375 0.546825 0.437433 0.545821 0.438346 0.546153 0.437775 0.545132 0.437931 0.544578 0.438103 0.543007 0.438023 0.542791 0.437215 0.540431 0.436856 0.539627 0.435805 0.539893 0.436029 0.539171 0.436304 0.538290 0.436025 0.535568 0.435875 0.534069 0.435588 0.531201 0.435286 0.528226 0.435126 0.526637 0.434765 0.526508 0.434587 0.526453 0.434045 0.526288 0.433522 0.526706 0.433745 0.525731 0.433754 0.525686 0.433284 0.524766 0.433197 0.524335 0.433536 0.524917 0.433574 0.524981 0.434119 0.525846 0.434898 0.525616 0.435019 0.525580 0.434961 0.522918 0.435014 0.522445 0.435238 0.520380 0.435163 0.519515 0.435150 0.519378 0.434291 0.518623 0.434162 0.518506 0.435266 0.516700 0.436157 0.515397 0.437045 0.513842 0.437522 0.512055 0.437662 0.511293 0.437459 0.510723 0.437455 0.509346 0.437889 0.508304 0.439841 0.503626 0.439897 0.503533 0.440677 0.502758 0.440245 0.501890 0.440561 0.501707 0.445059 0.498414 0.445287 0.498251 0.450142 0.496437 0.450216 0.496421 0.454499 0.495339 0.457093 0.494736 0.457780 0.494579 0.459629 0.495194 0.462492 0.495360 0.464132 0.495856 0.464457 0.496048 0.465736 0.496809 0.467378 0.497349 0.468621 0.497898 0.469858 0.498445 0.472245 0.497936 0.472315 0.497923 0.473259 0.498964 0.472828 0.499854 0.472816 0.499878 0.471948 0.500066 0.471420 0.500577 0.471790 0.501138 0.472175 0.501722 0.473647 0.501832 0.474521 0.502307 0.474594 0.502349 0.474447 0.502868 0.473691 0.502644 0.473685 0.502643 0.472808 0.502927 0.472842 0.502977 0.473713 0.504454 0.473748 0.504515 0.475533 0.505369 0.475604 0.505400 0.475642 0.506464 0.474684 0.505938 0.474638 0.505912 0.474209 0.506469 0.474207 0.506476 0.475204 0.507914 0.475894 0.508541 0.475936 0.508580 0.475972 0.510336 0.476005 0.511903 0.476432 0.512414 0.479069 0.520126 0.480003 0.522308 0.481081 0.524472 0.481357 0.526185 0.482319 0.527646 0.483099 0.528517 0.482673 0.528762 0.483343 0.529729 0.483288 0.530125 0.484138 0.531981 0.484835 0.532761 0.485740 0.534524 0.486279 0.535505 0.487166 0.537483 0.488599 0.540403 0.489823 0.543255 0.490966 0.545365 0.491946 0.546887 0.492397 0.548332 0.493310 0.549444 0.493742 0.549946 0.494289 0.550630 0.494194 0.551041 0.494820 0.551740 0.495203 0.551792 0.496260 0.553094 0.496110 0.553290 0.495792 0.552874 0.495320 0.552303 0.495146 0.552437 0.495349 0.553025 0.496372 0.554277 0.496639 0.553829 0.497614 0.555528 0.498753 0.557354 0.499102 0.558019 0.499498 0.557905 0.499529 0.558362 0.500504 0.559634 0.501262 0.560104 0.501772 0.560773 0.501386 0.561194 0.503279 0.563694 0.504838 0.565738 0.505043 0.565977 0.505667 0.566464 0.506469 0.567336 0.507709 0.568072 0.509001 0.569330 0.509285 0.569201 0.509648 0.569626 0.510074 0.570379 0.509773 0.570525 0.508773 0.569476 0.507864 0.568990 0.507292 0.569788 0.507997 0.570439 0.508936 0.570928 0.510235 0.571877 0.510747 0.571938 0.510406 0.571420 0.509220 0.570839 0.508511 0.570292 0.508086 0.569549 0.508352 0.569635 0.509362 0.570834 0.510074 0.571109 0.510733 0.570668 0.510080 0.569399 0.508366 0.567711 0.506422 0.566727 0.506461 0.566308 0.507344 0.566856 0.507487 0.566716 0.505382 0.564403 0.504182 0.562854 0.502410 0.560728 0.501383 0.559479 0.499723 0.557176 0.498833 0.555897 0.498703 0.556517 0.498186 0.555157 0.497484 0.554251 0.495806 0.551528 0.495003 0.550202 0.494288 0.549873 0.492934 0.547843 0.494104 0.549271 0.494329 0.549121 0.493136 0.547382 0.491542 0.544766 0.489789 0.541234 0.487464 0.536772 0.486523 0.534797 0.486009 0.533542 0.485458 0.532569 0.484820 0.531733 0.484285 0.531001 0.483762 0.529617 0.483475 0.528501 0.482458 0.527031 0.482009 0.525833 0.481382 0.523832 0.480567 0.522346 0.479989 0.520880 0.479269 0.519678 0.478986 0.518677 0.478351 0.516429 0.478019 0.515254 0.478086 0.514726 0.478248 0.513517 0.477601 0.512047 0.476994 0.510663 0.477089 0.509874 0.477248 0.508561 0.477107 0.507184 0.476727 0.503396 0.476724 0.503359 0.476319 0.499919 0.476228 0.499121 0.477017 0.497095 0.476240 0.495005 0.475889 0.495165 0.475235 0.495462 0.474901 0.494495 0.474150 0.492326 0.473963 0.491784 0.474448 0.489712 0.474182 0.485241 0.473159 0.482188 0.472810 0.481149 0.472087 0.479768 0.470535 0.477789 0.469299 0.477138 0.468563 0.476751 0.462582 0.480251 0.459830 0.481196 0.457705 0.482203 0.458018 0.481345 0.457210 0.480412 0.455106 0.481797 0.451062 0.485306 0.447629 0.486886 0.445021 0.488669 0.445062 0.490367 0.443120 0.488988 0.440781 0.490309 0.439516 0.491023 0.434362 0.493932 0.432053 0.495515 0.429983 0.496934 0.428784 0.497757 0.424676 0.501851 0.424623 0.501933 0.423965 0.502939 0.423716 0.503320 0.421096 0.507330 0.420060 0.508916 0.419592 0.509582 0.419599 0.509629 0.420466 0.510609 0.421767 0.512079 0.421864 0.512190 0.421905 0.513542 0.421990 0.516360 0.421968 0.516319 0.421202 0.514923 0.419511 0.511844 0.419500 0.511828 0.418229 0.515279 0.417412 0.517505 0.417390 0.517481 0.417109 0.517112 0.417072 0.517065 0.416892 0.517954 0.416219 0.521274 0.414743 0.528562 0.414749 0.528547 0.415545 0.527379 0.415583 0.527326 0.416320 0.526423 0.418748 0.526284 0.418818 0.526221 0.421118 0.524231 0.421089 0.524279 0.419537 0.526817 0.419522 0.526844 0.416125 0.528103 0.416067 0.528125 0.414858 0.529900 0.414809 0.529978 0.415000 0.532511 0.415078 0.532492 0.421577 0.530937 0.417225 0.532689 0.417175 0.532706 0.415243 0.536160 0.413767 0.537190 0.413213 0.540158 0.413945 0.543558 0.413984 0.543830 0.414326 0.546222 0.414381 0.546586 0.414815 0.549557 0.414880 0.549570 0.416780 0.550061 0.416747 0.550145 0.416311 0.551205 0.415372 0.553491 0.415383 0.553551 0.416611 0.559410 0.416582 0.559474 0.415619 0.561382 0.414854 0.562906 0.414631 0.563348 0.414440 0.563727 0.414433 0.563742 0.414394 0.563668 0.414533 0.562862 0.415203 0.559033 0.415246 0.558797 0.414331 0.554469 0.414197 0.553834 0.412872 0.538782 0.413911 0.528327 0.414171 0.525745 0.414977 0.522882
24 0.444706 0.596667 0.442760 0.594134 0.439947 0.590678 0.437199 0.588494 0.435539 0.586767 0.433579 0.586800 0.430818 0.586499 0.430039 0.585787 0.429275 0.585842 0.428798 0.586816 0.427543 0.589172 0.426156 0.591256 0.424440 0.593334 0.422603 0.595213 0.421486 0.597749 0.420351 0.600178 0.418837 0.603405 0.417755 0.604259 0.418037 0.605086 0.418452 0.607617 0.418543 0.615683 0.418650 0.618405 0.418421 0.621844 0.418794 0.625470 0.418918 0.628173 0.418936 0.630564 0.419142 0.633319 0.418817 0.636398 0.418208 0.639807 0.417702 0.642096 0.416537 0.645980 0.415373 0.647772 0.415004 0.649085 0.413621 0.651179 0.412878 0.652485 0.410792 0.654870 0.409470 0.656653 0.406536 0.659247 0.405729 0.659518 0.404821 0.660845 0.401326 0.662736 0.399734 0.663981 0.396197 0.665541 0.392163 0.667164 0.390839 0.667332 0.388646 0.668082 0.384176 0.668919 0.379787 0.669342 0.377448 0.669471 0.373721 0.669272 0.369642 0.668949 0.367074 0.668602 0.364506 0.667986 0.361958 0.667536 0.357442 0.666158 0.355868 0.665685 0.351683 0.664265 0.348885 0.662904 0.345881 0.661502 0.343704 0.660264 0.342316 0.659667 0.339538 0.657664 0.336698 0.655703 0.334872 0.654051 0.333877 0.653370 0.332965 0.652812 0.330455 0.650271 0.328173 0.648205 0.327198 0.647151 0.325268 0.644940 0.324439 0.644238 0.323339 0.642998 0.321160 0.640145 0.320349 0.638801 0.318751 0.636548 0.317649 0.634231 0.316694 0.633074 0.315405 0.630344 0.314469 0.628275 0.314053 0.627386 0.313054 0.624821 0.312243 0.622939 0.310806 0.618780 0.309742 0.614911 0.308677 0.610234 0.307415 0.600299 0.308615 0.589883 0.311798 0.577062 0.312542 0.575506 0.313618 0.575617 0.314257 0.574204 0.316602 0.573926 0.328744 0.571914 0.338304 0.569824 0.338303 0.569270 0.339842 0.568656 0.341814 0.568916 0.344515 0.568558 0.344565 0.568807 0.344566 0.568877 0.344511 0.586734 0.344499 0.590324 0.344499 0.590359 0.344472 0.599220 0.344723 0.601010 0.345161 0.604588 0.345639 0.608314 0.345697 0.608766 0.345869 0.610104 0.346009 0.611072 0.346013 0.611084 0.347403 0.615746 0.348281 0.618622 0.350361 0.622443 0.350414 0.622524 0.351369 0.624003 0.351560 0.624298 0.352918 0.626399 0.353508 0.627221 0.353970 0.627865 0.355197 0.629573 0.355264 0.629645 0.356727 0.631191 0.357536 0.632047 0.358676 0.633203 0.359392 0.633924 0.359759 0.634189 0.361883 0.635723 0.363449 0.636623 0.366695 0.638561 0.368670 0.639751 0.368983 0.639924 0.369605 0.640316 0.373420 0.641641 0.376336 0.642374 0.380417 0.643048 0.381039 0.643171 0.385206 0.642755 0.388386 0.641935 0.388882 0.641602 0.392624 0.639276 0.393220 0.638590 0.393644 0.637989 0.394170 0.637244 0.394693 0.636229 0.395202 0.635243 0.395593 0.634207 0.396107 0.632265 0.396376 0.631228 0.396373 0.629849 0.396511 0.626163 0.396529 0.625141 0.396375 0.622783 0.396311 0.621806 0.396257 0.618964 0.396231 0.617630 0.396331 0.614935 0.396189 0.613265 0.396887 0.612845 0.396933 0.612113 0.396259 0.611192 0.396972 0.609744 0.397204 0.609730 0.397385 0.608150 0.397679 0.605425 0.396398 0.605075 0.397551 0.600709 0.397712 0.600059 0.398334 0.596888 0.398381 0.596651 0.399190 0.593589 0.399639 0.591892 0.400385 0.590285 0.400769 0.589225 0.401832 0.586287 0.402166 0.585366 0.402616 0.584125 0.403770 0.581327 0.403832 0.581285 0.405255 0.578984 0.407835 0.574921 0.409440 0.572385 0.410493 0.571610 0.410954 0.571271 0.413342 0.569514 0.415150 0.567867 0.420815 0.564523 0.425966 0.562421 0.432362 0.561911 0.438326 0.562500 0.445722 0.565093 0.447558 0.566014 0.447711 0.565647 0.447708 0.565644 0.447725 0.565611 0.447393 0.564042 0.446759 0.562877 0.445887 0.561272 0.443978 0.558002 0.442033 0.553982 0.441500 0.552390 0.441491 0.552368 0.441318 0.551850 0.440995 0.550898 0.439832 0.547752 0.438813 0.544998 0.438039 0.542030 0.437153 0.538637 0.436670 0.536557 0.436616 0.536324 0.436617 0.536324 0.436372 0.535263 0.436137 0.534214 0.435987 0.532897 0.435757 0.530840 0.435527 0.528793 0.435222 0.526070 0.435182 0.525708 0.435143 0.525365 0.435345 0.522994 0.435524 0.520884 0.435584 0.520183 0.435635 0.519589 0.435936 0.518328 0.436483 0.516043 0.436503 0.515962 0.437699 0.512974 0.440218 0.508884 0.443196 0.507028 0.445157 0.505459 0.447971 0.503775 0.453963 0.502453 0.459859 0.502811 0.460826 0.503443 0.461799 0.503759 0.464149 0.504803 0.467770 0.506971 0.468446 0.507746 0.471017 0.509288 0.474272 0.513785 0.475398 0.515341 0.475819 0.516168 0.476702 0.517678 0.477220 0.518186 0.477888 0.519893 0.478591 0.521804 0.479604 0.523710 0.481061 0.527154 0.481544 0.527930 0.482018 0.529037 0.482287 0.529236 0.482471 0.529574 0.482496 0.530152 0.483020 0.531376 0.483075 0.531476 0.483369 0.531790 0.483961 0.532874 0.484520 0.533848 0.485096 0.535170 0.485913 0.536663 0.488363 0.541186 0.488361 0.541183 0.489135 0.542839 0.490168 0.544518 0.490770 0.545629 0.490766 0.545622 0.491104 0.546039 0.491507 0.546674 0.491686 0.547320 0.492005 0.547908 0.493109 0.549659 0.493409 0.549778 0.494020 0.551104 0.495273 0.553335 0.495513 0.553894 0.496060 0.554339 0.497695 0.556932 0.500238 0.560416 0.500722 0.561133 0.501185 0.561927 0.503010 0.564387 0.503456 0.564670 0.503852 0.565166 0.504106 0.565603 0.504863 0.566697 0.506442 0.568679 0.507044 0.569825 0.508269 0.571048 0.509333 0.571818 0.510519 0.572212 0.511632 0.572920 0.512729 0.573865 0.513887 0.575259 0.514469 0.576146 0.515265 0.577051 0.516140 0.577899 0.519823 0.581687 0.521306 0.583263 0.522686 0.585020 0.524893 0.587913 0.525435 0.588616 0.525877 0.589031 0.526862 0.590304 0.529201 0.592507 0.531207 0.594422 0.533202 0.596178 0.535272 0.598000 0.536911 0.599443 0.538942 0.600927 0.541021 0.602919 0.542113 0.604307 0.542968 0.605532 0.545667 0.608739 0.545646 0.608714 0.546886 0.610187 0.549038 0.611684 0.550711 0.612848 0.549646 0.613718 0.550709 0.612850 0.550711 0.612848 0.550711 0.612848 0.550717 0.612852 0.560378 0.617592 0.564001 0.619080 0.570568 0.624194 0.572417 0.626201 0.574305 0.629066 0.576034 0.631714 0.576665 0.633492 0.576665 0.633492 0.576665 0.633493 0.577454 0.635713 0.577874 0.639025 0.579227 0.642252 0.579226 0.642253 0.579227 0.642252 0.579254 0.642241 0.579347 0.642202 0.579462 0.642154 0.579621 0.642089 0.580633 0.641670 0.581218 0.640368 0.582183 0.638220 0.583519 0.635246 0.583920 0.628868 0.582207 0.621481 0.580304 0.618014 0.578151 0.615059 0.577859 0.614811 0.574595 0.611963 0.573657 0.611256 0.571957 0.609974 0.571856 0.609910 0.571997 0.609722 0.573060 0.609180 0.574145 0.608604 0.577259 0.607041 0.579224 0.606040 0.577172 0.602689 0.576789 0.602063 0.578171 0.601322 0.581824 0.598360 0.587599 0.599093 0.581485 0.584422 0.578514 0.584012 0.575753 0.580496 0.574038 0.574217 0.572491 0.570652 0.572239 0.565042 0.572116 0.562309 0.571859 0.561172 0.571242 0.558433 0.570867 0.556771 0.570545 0.555426 0.569178 0.549831 0.567931 0.544711 0.565209 0.533531 0.564430 0.522350 0.562123 0.517965 0.561229 0.516228 0.556403 0.504996 0.555322 0.502576 0.548561 0.486980 0.548346 0.487068 0.542356 0.489518 0.547023 0.493939 0.546630 0.494023 0.541415 0.495358 0.544659 0.500457 0.544821 0.500713 0.544552 0.500715 0.537348 0.500754 0.532102 0.497113 0.534307 0.491853 0.535546 0.488890 0.531608 0.486611 0.530777 0.486130 0.529026 0.485117 0.528309 0.484702 0.527720 0.484360 0.527106 0.484005 0.526947 0.483913 0.517582 0.481649 0.516236 0.481196 0.513421 0.480249 0.509008 0.478764 0.503657 0.486323 0.503655 0.486325 0.497409 0.478658 0.493552 0.486161 0.493532 0.486109 0.493552 0.486162 0.489336 0.485459 0.487284 0.479874 0.486920 0.479913 0.485738 0.478809 0.484915 0.476449 0.481884 0.470686 0.479643 0.469070 0.476608 0.468090 0.475751 0.467992 0.472539 0.468977 0.470403 0.470321 0.465639 0.473756 0.460721 0.476818 0.456970 0.479757 0.450965 0.483994 0.443809 0.487612 0.437928 0.490474 0.435112 0.492304 0.434756 0.492402 0.434367 0.492682 0.432847 0.494089 0.432235 0.494655 0.431663 0.494708 0.429141 0.496883 0.424992 0.500886 0.420708 0.506837 0.418474 0.511873 0.416502 0.517715 0.414977 0.522883 0.414977 0.522883 0.414171 0.525745 0.413370 0.533776 0.412872 0.538780 0.414196 0.553836 0.415247 0.558794 0.414394 0.563668 0.414433 0.563742 0.414210 0.564185 0.413789 0.565021 0.413305 0.565982 0.411040 0.565634 0.406652 0.566674 0.403337 0.567570 0.401067 0.568184 0.390888 0.570937 0.390462 0.571187 0.390459 0.571143 0.390462 0.571187 0.385980 0.573823 0.381253 0.576601 0.374367 0.580650 0.374344 0.580398 0.374366 0.580650 0.371159 0.582536 0.370889 0.582695 0.370781 0.582758 0.369876 0.583290 0.369612 0.583446 0.368695 0.583985 0.367878 0.584076 0.367696 0.584097 0.366762 0.584201 0.366741 0.584203 0.366037 0.584282 0.365933 0.580033 0.364718 0.570907 0.364176 0.566830 0.363108 0.550089 0.363730 0.546865 0.363182 0.546093 0.363143 0.545459 0.361925 0.540442 0.362100 0.536818 0.362139 0.534425 0.362666 0.528049 0.363239 0.525071 0.364955 0.517894 0.365258 0.515986 0.366053 0.510550 0.369702 0.494092 0.372371 0.485524 0.376612 0.477034 0.386888 0.466547 0.386222 0.463439 0.390194 0.457221 0.391500 0.453763 0.391676 0.452120 0.392247 0.450329 0.392310 0.449457 0.393344 0.447144 0.393329 0.445809 0.394172 0.445453 0.394142 0.443782 0.394997 0.441270 0.396809 0.440180 0.397383 0.437097 0.399090 0.434627 0.399542 0.434288 0.406976 0.423375 0.420899 0.410692 0.437010 0.398974 0.451231 0.393012 0.456494 0.395310 0.460974 0.393235 0.462151 0.389091 0.462188 0.388377 0.464426 0.384672 0.465831 0.383533 0.467591 0.382004 0.469160 0.380596 0.474322 0.376877 0.477950 0.374730 0.486636 0.370070 0.491166 0.367629 0.506095 0.361211 0.510556 0.358707 0.516080 0.356958 0.519446 0.355853 0.522501 0.354929 0.526495 0.353643 0.530536 0.352559 0.535556 0.352029 0.539468 0.351381 0.543179 0.350837 0.547585 0.350372 0.550510 0.349807 0.552694 0.349417 0.552644 0.348153 0.560194 0.347254 0.578386 0.349123 0.583877 0.349916 0.594103 0.353386 0.605938 0.358388 0.616689 0.365121 0.627685 0.371786 0.636035 0.377903 0.647735 0.388760 0.645892 0.389293 0.651826 0.393204 0.658873 0.402351 0.668780 0.416241 0.669893 0.427398 0.666147 0.436912 0.662002 0.445515 0.657712 0.450873 0.629205 0.463620 0.621815 0.467025 0.613572 0.473009 0.610504 0.475025 0.604726 0.482753 0.602768 0.497134 0.597760 0.510629 0.594891 0.513484 0.594444 0.517545 0.595854 0.548181 0.596844 0.548706 0.597063 0.550491 0.597720 0.553218 0.598415 0.556133 0.598762 0.557641 0.600050 0.562415 0.600785 0.565258 0.601475 0.568266 0.601833 0.568999 0.602298 0.570250 0.602394 0.571064 0.603243 0.573327 0.604461 0.576123 0.609191 0.596164 0.610336 0.597493 0.610104 0.603541 0.611015 0.607236 0.613081 0.614856 0.613431 0.622100 0.612211 0.628060 0.607036 0.642559 0.601391 0.651355 0.606997 0.642624 0.607088 0.644201 0.600245 0.654604 0.597212 0.657651 0.597418 0.657482 0.597501 0.657614 0.597517 0.657990 0.596664 0.659283 0.593932 0.660763 0.591777 0.662441 0.589819 0.663718 0.586771 0.665474 0.584408 0.666648 0.580788 0.667749 0.578129 0.668545 0.574939 0.669655 0.570915 0.670915 0.566905 0.671847 0.563121 0.673040 0.558978 0.673950 0.555446 0.674767 0.551350 0.675675 0.547685 0.676395 0.544269 0.676851 0.540463 0.677015 0.537060 0.677135 0.533554 0.676867 0.529853 0.676249 0.527091 0.676115 0.523809 0.675632 0.520111 0.675242 0.517060 0.674719 0.513262 0.674176 0.509094 0.673340 0.504314 0.672508 0.498925 0.671138 0.496089 0.670213 0.492105 0.668482 0.487608 0.666766 0.481971 0.664046 0.476328 0.661981 0.472102 0.659878 0.467017 0.656965 0.461747 0.653316 0.460582 0.653054 0.457529 0.650332 0.454089 0.647119 0.451163 0.643424 0.448535 0.640314 0.446631 0.636507 0.445100 0.633485 0.444836 0.627968 0.446564 0.602440 0.446335 0.599385 0.444706 0.596667