1 0.509977 0.498000 0.512384 0.497593 0.515697 0.495706 0.516076 0.496973 0.512819 0.499358 0.511777 0.503508 0.513665 0.506821 0.517101 0.504587 0.517482 0.504339 0.517657 0.505687 0.517687 0.505918 0.514531 0.507059 0.514140 0.508649 0.515167 0.511187 0.518102 0.508032 0.516047 0.512128 0.516798 0.515201 0.519123 0.516450 0.519950 0.518405 0.522219 0.524498 0.521756 0.526936 0.524279 0.527254 0.525830 0.525791 0.526970 0.525505 0.527752 0.527667 0.523590 0.529483 0.522211 0.532427 0.527381 0.540106 0.533171 0.547916 0.540236 0.560151 0.542057 0.563774 0.544482 0.558191 0.547292 0.555118 0.550418 0.558695 0.550265 0.561198 0.546917 0.562485 0.546242 0.567197 0.546887 0.570518 0.550410 0.571966 0.552397 0.570229 0.550826 0.564662 0.552775 0.562593 0.553843 0.568755 0.556519 0.573693 0.559186 0.579438 0.562012 0.582141 0.564697 0.580930 0.562477 0.574092 0.562925 0.574851 0.565659 0.577844 0.566813 0.579925 0.566979 0.583088 0.565111 0.584421 0.563809 0.585349 0.562580 0.586775 0.561788 0.588783 0.560967 0.587955 0.558213 0.584789 0.551453 0.580280 0.543141 0.572151 0.535076 0.562348 0.523542 0.546253 0.522437 0.541540 0.518215 0.536005 0.517461 0.534982 0.511004 0.525735 0.510102 0.519555 0.507923 0.512780 0.509480 0.503398 0.509462 0.503233 0.509977 0.498000
2 0.547292 0.555118 0.545264 0.553231 0.540892 0.549931 0.539104 0.546908 0.536240 0.538531 0.533818 0.538503 0.529603 0.539552 0.531258 0.537853 0.535526 0.535790 0.532174 0.530223 0.529867 0.527360 0.527752 0.527667 0.526970 0.525505 0.527902 0.523652 0.531175 0.519922 0.530577 0.517906 0.526568 0.520780 0.525025 0.521429 0.523297 0.522963 0.522219 0.524498 0.521878 0.523562 0.522710 0.521418 0.527322 0.516461 0.527945 0.514543 0.525260 0.513974 0.525691 0.512446 0.531993 0.509952 0.529909 0.509348 0.523038 0.512747 0.519123 0.516450 0.519771 0.512378 0.522067 0.510707 0.528341 0.507073 0.526585 0.506701 0.520199 0.507559 0.517748 0.506392 0.517482 0.504339 0.520896 0.502743 0.522385 0.501062 0.521133 0.498315 0.518151 0.496604 0.515826 0.497136 0.516076 0.496973 0.515697 0.495706 0.516795 0.493834 0.519387 0.493574 0.522510 0.495639 0.525498 0.495032 0.527948 0.492638 0.527419 0.490044 0.524634 0.487403 0.519642 0.485751 0.516488 0.484597 0.513474 0.480235 0.519610 0.481320 0.524792 0.480800 0.531195 0.480377 0.526100 0.478703 0.530656 0.478590 0.550378 0.484821 0.550979 0.487701 0.553910 0.501756 0.557702 0.524844 0.558232 0.532780 0.558238 0.536488 0.558740 0.539587 0.563052 0.553070 0.567254 0.565589 0.570654 0.570646 0.566914 0.568181 0.566009 0.567611 0.565938 0.568459 0.565753 0.571873 0.565081 0.572943 0.565676 0.576162 0.566248 0.577610 0.566920 0.578304 0.566982 0.578646 0.565659 0.577844 0.562925 0.574851 0.561422 0.568635 0.561218 0.566542 0.556975 0.566451 0.553533 0.566909 0.552835 0.562822 0.552775 0.562593 0.551035 0.564437 0.550826 0.564662 0.551424 0.566677 0.552397 0.570229 0.550410 0.571966 0.546887 0.570518 0.546242 0.567197 0.546917 0.562485 0.550140 0.561279 0.550265 0.561198 0.550418 0.558695 0.547292 0.555118
5 0.561218 0.566542 0.561422 0.568635 0.561976 0.570857 0.562854 0.574677 0.562477 0.574092 0.563977 0.578727 0.564697 0.580930 0.562012 0.582141 0.559186 0.579438 0.556519 0.573693 0.554006 0.569005 0.553843 0.568755 0.553474 0.566626 0.554694 0.566777 0.557078 0.566473 0.560949 0.566538 0.561218 0.566542
5 0.527954 0.527636 0.529867 0.527360 0.532174 0.530223 0.535526 0.535790 0.531258 0.537853 0.529603 0.539552 0.533818 0.538503 0.536240 0.538531 0.539104 0.546908 0.540892 0.549931 0.545264 0.553231 0.546654 0.554531 0.547292 0.555118 0.547116 0.555310 0.544482 0.558191 0.542057 0.563774 0.540236 0.560151 0.534726 0.550609 0.533171 0.547916 0.527381 0.540106 0.522211 0.532427 0.523590 0.529483 0.524371 0.529142 0.524243 0.529203 0.526696 0.528131 0.527954 0.527636
5 0.530577 0.517906 0.531175 0.519922 0.528277 0.523219 0.527902 0.523652 0.527097 0.525255 0.526970 0.525505 0.525830 0.525789 0.524279 0.527254 0.521756 0.526936 0.521902 0.526150 0.522169 0.524764 0.522219 0.524498 0.522395 0.524238 0.523300 0.522960 0.525021 0.521430 0.526568 0.520780 0.530577 0.517906
5 0.529909 0.509348 0.531993 0.509952 0.525691 0.512446 0.525260 0.513974 0.525298 0.513982 0.527945 0.514543 0.527322 0.516461 0.523889 0.520151 0.522710 0.521418 0.522699 0.521436 0.522115 0.522952 0.521886 0.523604 0.521403 0.522301 0.519632 0.517643 0.519123 0.516450 0.519291 0.516296 0.523038 0.512747 0.529909 0.509348
5 0.517748 0.506392 0.517828 0.506429 0.520199 0.507559 0.526585 0.506701 0.528341 0.507073 0.522067 0.510707 0.519771 0.512378 0.519162 0.516202 0.519089 0.516396 0.518935 0.516349 0.516798 0.515201 0.516047 0.512128 0.518102 0.508032 0.518076 0.508060 0.515167 0.511187 0.514140 0.508649 0.514529 0.507072 0.514531 0.507059 0.517250 0.506071 0.517687 0.505918 0.517748 0.506392
5 0.517562 0.496742 0.518151 0.496604 0.521133 0.498315 0.522385 0.501062 0.520896 0.502743 0.517805 0.504185 0.516997 0.504655 0.513665 0.506821 0.511777 0.503508 0.512819 0.499358 0.513059 0.499180 0.515732 0.497231 0.515826 0.497136 0.517562 0.496742
5 0.509937 0.497938 0.507245 0.492565 0.501824 0.485049 0.503466 0.482646 0.508051 0.483671 0.510457 0.481484 0.513499 0.480272 0.516488 0.484597 0.519642 0.485751 0.524634 0.487403 0.527419 0.490044 0.527948 0.492638 0.525498 0.495032 0.522510 0.495639 0.519530 0.493659 0.519387 0.493574 0.516795 0.493834 0.516120 0.494986 0.514280 0.496538 0.512384 0.497593 0.509977 0.498000 0.509937 0.497938
5 0.510873 0.481302 0.511127 0.480870 0.514719 0.472689 0.518010 0.472833 0.521797 0.473043 0.524673 0.475001 0.525352 0.477142 0.526100 0.478703 0.531195 0.480377 0.524792 0.480800 0.519610 0.481320 0.513680 0.480279 0.513640 0.480216 0.513499 0.480272 0.513495 0.480266 0.513349 0.480316 0.510873 0.481302
7 0.473952 0.513476 0.472856 0.514701 0.473260 0.516074 0.475233 0.518887 0.475736 0.519695 0.478100 0.523467 0.481634 0.531831 0.484556 0.539937 0.489488 0.548806 0.493471 0.554452 0.498379 0.560153 0.501654 0.562999 0.501818 0.563148 0.501414 0.562476 0.500431 0.560912 0.497316 0.556070 0.495373 0.553304 0.493153 0.549428 0.491813 0.547572 0.488626 0.541164 0.486522 0.538202 0.482753 0.529735 0.481976 0.528727 0.478396 0.520448 0.476478 0.517054 0.474781 0.514529 0.474174 0.513766 0.473952 0.513476
8 0.565938 0.568459 0.565753 0.571873 0.565081 0.572943 0.565676 0.576162 0.566248 0.577610 0.566920 0.578304 0.566938 0.578407 0.566982 0.578646 0.565659 0.577844 0.566813 0.579925 0.566979 0.583088 0.568908 0.584080 0.569783 0.585454 0.571759 0.586218 0.570934 0.584086 0.570364 0.581430 0.570818 0.579799 0.571083 0.579048 0.571910 0.577301 0.567925 0.570283 0.566914 0.568181 0.566009 0.567611 0.565938 0.568459
9 0.503295 0.482579 0.501827 0.485079 0.507245 0.492565 0.509977 0.498000 0.509480 0.503398 0.507923 0.512780 0.510102 0.519555 0.511004 0.525735 0.518215 0.536005 0.522437 0.541540 0.523542 0.546253 0.535076 0.562348 0.543141 0.572151 0.551453 0.580280 0.558213 0.584789 0.561033 0.588031 0.567624 0.594608 0.574234 0.599570 0.579313 0.599028 0.579639 0.603090 0.578346 0.603841 0.573346 0.606558 0.571137 0.607816 0.570229 0.608341 0.566903 0.606918 0.558757 0.605893 0.553769 0.605753 0.551848 0.605399 0.546290 0.604383 0.544415 0.603554 0.541499 0.601533 0.534344 0.595322 0.532294 0.593538 0.529124 0.590169 0.527653 0.588454 0.522595 0.581770 0.520980 0.579971 0.517547 0.576060 0.514132 0.572315 0.511259 0.568306 0.504865 0.560800 0.497948 0.551942 0.496139 0.549022 0.495088 0.546857 0.494797 0.546957 0.492355 0.543202 0.489823 0.538349 0.487429 0.534118 0.486399 0.531850 0.483475 0.525025 0.482060 0.522027 0.481118 0.519346 0.479904 0.515149 0.479844 0.514921 0.478930 0.511598 0.478792 0.510975 0.478917 0.510894 0.478504 0.509025 0.477790 0.502723 0.477774 0.498727 0.478449 0.492234 0.479300 0.488475 0.481549 0.483718 0.483849 0.479997 0.486176 0.477415 0.486887 0.476865 0.487412 0.476167 0.487691 0.475362 0.487879 0.475240 0.491267 0.474016 0.493614 0.471600 0.493863 0.471316 0.494259 0.471359 0.497638 0.471375 0.499725 0.471407 0.501432 0.479517 0.501980 0.482276 0.503295 0.482579
11 0.561793 0.588772 0.561897 0.588504 0.562580 0.586780 0.563807 0.585348 0.565109 0.584423 0.566850 0.583180 0.566991 0.583089 0.567117 0.583163 0.568905 0.584081 0.569787 0.585455 0.571720 0.586202 0.571882 0.586281 0.571759 0.586218 0.570934 0.584086 0.570364 0.581430 0.571083 0.579048 0.571910 0.577301 0.568112 0.570613 0.567251 0.568881 0.566914 0.568181 0.569944 0.570178 0.570654 0.570647 0.571290 0.570215 0.572424 0.570986 0.572063 0.571749 0.571678 0.572297 0.571610 0.572983 0.571936 0.573739 0.573538 0.573786 0.574187 0.573441 0.574536 0.572177 0.574606 0.570524 0.574615 0.570408 0.575078 0.571471 0.575616 0.572708 0.575960 0.573143 0.578701 0.576603 0.580065 0.578753 0.581984 0.580747 0.584844 0.586232 0.586932 0.589918 0.589321 0.595015 0.587983 0.595902 0.585424 0.597159 0.579313 0.599028 0.578450 0.599121 0.574234 0.599570 0.572848 0.598534 0.567624 0.594608 0.562241 0.589238 0.562098 0.589086 0.561834 0.588834 0.561793 0.588772
12 0.496543 0.576895 0.494556 0.578632 0.494388 0.578779 0.493761 0.579327 0.493242 0.580313 0.489415 0.576456 0.485046 0.569741 0.481677 0.563888 0.478828 0.558652 0.475658 0.553228 0.473281 0.548840 0.469720 0.541957 0.466096 0.534722 0.466493 0.532594 0.467353 0.528028 0.467657 0.526968 0.468832 0.525509 0.467261 0.522835 0.466993 0.522441 0.465833 0.520691 0.465038 0.519606 0.462877 0.518473 0.461501 0.517966 0.460249 0.517511 0.459504 0.517461 0.457931 0.517371 0.455807 0.517595 0.453593 0.518366 0.451354 0.520401 0.449957 0.523045 0.449257 0.527240 0.448869 0.531231 0.449366 0.536651 0.450673 0.540921 0.453249 0.546458 0.455076 0.549833 0.455684 0.550974 0.455790 0.551172 0.450596 0.553915 0.448509 0.554848 0.446056 0.556143 0.443330 0.550837 0.438981 0.539029 0.436243 0.527320 0.437320 0.516960 0.439377 0.512473 0.441801 0.509662 0.442357 0.509233 0.447707 0.504898 0.452660 0.503203 0.458085 0.503314 0.459032 0.503333 0.459071 0.503341 0.459622 0.503350 0.459702 0.503387 0.466450 0.506423 0.470838 0.509491 0.473725 0.513179 0.473932 0.513445 0.473952 0.513476 0.473698 0.513753 0.472856 0.514701 0.473260 0.516074 0.475063 0.518642 0.475198 0.518832 0.475212 0.518889 0.474998 0.518995 0.475233 0.518883 0.478100 0.523467 0.481634 0.531831 0.484556 0.539937 0.489488 0.548806 0.493471 0.554452 0.498379 0.560153 0.501841 0.563167 0.502532 0.564264 0.502624 0.564405 0.505571 0.568476 0.506502 0.569685 0.506517 0.569709 0.506514 0.569711 0.506757 0.570009 0.509518 0.573623 0.512820 0.575226 0.514167 0.576510 0.514905 0.577355 0.514938 0.577389 0.521100 0.584401 0.523484 0.587057 0.531127 0.596022 0.538819 0.602529 0.540597 0.603877 0.541277 0.604392 0.539560 0.605553 0.538087 0.606711 0.537785 0.606485 0.536556 0.605582 0.538084 0.606710 0.534071 0.610102 0.534000 0.610053 0.531338 0.608227 0.529206 0.605988 0.523292 0.600371 0.518126 0.593713 0.507520 0.583934 0.507112 0.583560 0.507123 0.583569 0.507687 0.583189 0.507123 0.583568 0.506565 0.583043 0.505790 0.582227 0.502258 0.578513 0.499650 0.575770 0.496543 0.576895
22 0.412110 0.567952 0.412007 0.567930 0.408953 0.568847 0.408890 0.568888 0.405148 0.570253 0.405183 0.572634 0.405092 0.573316 0.405518 0.574108 0.406009 0.574590 0.406626 0.574990 0.407345 0.575413 0.408193 0.575485 0.409026 0.575122 0.409820 0.574427 0.410349 0.573460 0.412004 0.571760 0.413193 0.570987 0.418632 0.566205 0.425710 0.562850 0.429818 0.562048 0.430588 0.561726 0.431480 0.561591 0.432244 0.561807 0.433154 0.561838 0.433692 0.561844 0.433949 0.561143 0.434540 0.561916 0.436546 0.562125 0.438821 0.562338 0.439669 0.562410 0.440477 0.562419 0.441309 0.562056 0.441988 0.560635 0.442154 0.558836 0.441002 0.554599 0.440557 0.553641 0.439452 0.552490 0.437800 0.552140 0.438492 0.551423 0.438498 0.550885 0.439383 0.551288 0.440210 0.551463 0.440469 0.550493 0.439887 0.548913 0.439505 0.547915 0.438851 0.547183 0.438844 0.545940 0.437858 0.543465 0.436976 0.542792 0.437076 0.541303 0.436440 0.538956 0.435241 0.535195 0.434496 0.531584 0.434380 0.530858 0.433332 0.530204 0.433297 0.529603 0.433886 0.528864 0.433895 0.528057 0.432436 0.525266 0.431635 0.524718 0.431044 0.523945 0.432446 0.524458 0.432943 0.524402 0.433428 0.523642 0.433600 0.523085 0.432680 0.522080 0.433325 0.521839 0.434335 0.518600 0.434207 0.517170 0.434282 0.516053 0.434090 0.514664 0.434281 0.510711 0.433924 0.509341 0.433771 0.508283 0.435169 0.507284 0.434894 0.506039 0.435901 0.506630 0.436753 0.506433 0.438089 0.505475 0.439177 0.500850 0.443489 0.498581 0.449303 0.495335 0.455533 0.493688 0.459307 0.493193 0.463954 0.494179 0.467265 0.494341 0.466526 0.491972 0.469111 0.492250 0.469070 0.490407 0.471151 0.491280 0.470332 0.494128 0.470704 0.495933 0.472313 0.496490 0.472579 0.498543 0.473840 0.500483 0.472276 0.501500 0.473049 0.502689 0.474889 0.502917 0.475474 0.504229 0.475305 0.504517 0.474670 0.503950 0.474316 0.504091 0.474229 0.504504 0.474204 0.504877 0.474282 0.505271 0.474630 0.505668 0.474770 0.506022 0.475866 0.506200 0.476545 0.506560 0.476808 0.507101 0.476905 0.507661 0.476614 0.507761 0.476085 0.506948 0.475609 0.506901 0.475503 0.507148 0.475353 0.507602 0.476389 0.509332 0.476830 0.510559 0.476664 0.512358 0.478013 0.513885 0.478802 0.515509 0.479143 0.518226 0.479829 0.519828 0.480690 0.522384 0.481097 0.523010 0.481350 0.524359 0.483197 0.527610 0.484230 0.529609 0.487576 0.537495 0.493025 0.546150 0.500381 0.558284 0.505338 0.564677 0.510677 0.570287 0.510271 0.571070 0.511294 0.572468 0.513669 0.572972 0.512630 0.570650 0.508321 0.566388 0.502355 0.559404 0.495942 0.549952 0.493138 0.545364 0.490071 0.540236 0.489482 0.539194 0.489241 0.538549 0.488959 0.537842 0.488002 0.536506 0.487034 0.534197 0.487000 0.533596 0.486737 0.533054 0.486142 0.532551 0.485394 0.530989 0.484527 0.528971 0.482922 0.526364 0.482355 0.525219 0.481929 0.524427 0.481638 0.522747 0.481153 0.521727 0.480831 0.520957 0.480148 0.519086 0.479522 0.515932 0.479653 0.515312 0.479619 0.514711 0.478680 0.513541 0.477472 0.512368 0.477878 0.511213 0.477750 0.509783 0.478069 0.509041 0.477916 0.507983 0.477602 0.506406 0.477349 0.505058 0.477399 0.504313 0.477389 0.503340 0.477586 0.502410 0.476985 0.500664 0.476535 0.500245 0.475771 0.500029 0.475214 0.499857 0.475079 0.498965 0.475214 0.498076 0.475161 0.497310 0.474728 0.495276 0.474594 0.494384 0.473943 0.493383 0.473721 0.492904 0.474227 0.492040 0.474719 0.490741 0.474499 0.489994 0.473805 0.489199 0.474080 0.488664 0.474092 0.487587 0.473676 0.485988 0.473713 0.484539 0.472827 0.482355 0.471610 0.480209 0.471062 0.479229 0.471885 0.479673 0.472361 0.479720 0.472699 0.479144 0.472977 0.478340 0.472986 0.477533 0.472595 0.475561 0.471475 0.473975 0.467666 0.472088 0.464474 0.472383 0.465091 0.474564 0.463439 0.475994 0.460024 0.479628 0.457153 0.480705 0.456976 0.481404 0.457851 0.483011 0.455901 0.483299 0.448708 0.489490 0.444752 0.491349 0.440813 0.495424 0.439862 0.493549 0.442490 0.491840 0.443466 0.489781 0.442042 0.489372 0.436741 0.491215 0.432946 0.495375 0.432392 0.498495 0.433034 0.502084 0.433420 0.504593 0.432337 0.506900 0.430287 0.505116 0.429761 0.502253 0.426378 0.501158 0.424222 0.501403 0.421872 0.502307 0.426641 0.503480 0.426707 0.504951 0.423493 0.503568 0.422173 0.506742 0.420762 0.510597 0.417790 0.511639 0.414398 0.518474 0.411708 0.529127 0.411227 0.534960 0.413565 0.535132 0.415518 0.536355 0.415900 0.539134 0.413703 0.537535 0.411209 0.538355 0.411460 0.545315 0.412555 0.547273 0.412931 0.550590 0.413113 0.552787 0.412084 0.554080 0.412334 0.557478 0.412110 0.567952
23 0.365227 0.590332 0.365781 0.590773 0.366428 0.590263 0.367139 0.589712 0.368857 0.589753 0.368960 0.589775 0.371532 0.587568 0.373078 0.586385 0.379292 0.582523 0.384521 0.579746 0.389186 0.577336 0.390920 0.576031 0.390829 0.574933 0.391129 0.574025 0.396618 0.572059 0.397553 0.571718 0.404463 0.570431 0.405186 0.570584 0.405183 0.572634 0.405092 0.573316 0.405518 0.574108 0.406009 0.574590 0.406626 0.574990 0.407345 0.575413 0.408193 0.575485 0.409026 0.575122 0.409298 0.574855 0.409714 0.574674 0.405121 0.583358 0.401242 0.593003 0.399863 0.601290 0.398622 0.610199 0.398548 0.618439 0.398978 0.629645 0.398575 0.635872 0.397114 0.640472 0.393807 0.643602 0.390531 0.645821 0.386481 0.646851 0.383042 0.647039 0.378389 0.646592 0.374631 0.645741 0.369602 0.643758 0.364907 0.641468 0.358417 0.636963 0.352955 0.631165 0.348455 0.624653 0.345700 0.617541 0.344391 0.607173 0.343622 0.591201 0.344050 0.586382 0.344119 0.585803 0.343824 0.580831 0.343276 0.572729 0.364776 0.589913 0.364817 0.589975 0.365227 0.590332
23 0.466123 0.534775 0.467344 0.537205 0.469722 0.541958 0.473281 0.548837 0.475656 0.553225 0.478828 0.558652 0.481677 0.563890 0.485049 0.569744 0.489413 0.576456 0.493020 0.580087 0.493504 0.580574 0.496824 0.583969 0.500811 0.586763 0.505321 0.590430 0.512944 0.597327 0.519342 0.602939 0.529431 0.610892 0.531093 0.611804 0.531142 0.611828 0.531150 0.611823 0.531152 0.611843 0.532193 0.613170 0.534840 0.615890 0.536224 0.617471 0.536804 0.618140 0.536884 0.618211 0.538744 0.619840 0.541208 0.621644 0.548958 0.626220 0.552626 0.627976 0.555519 0.629567 0.557129 0.630846 0.558165 0.631942 0.558260 0.632037 0.558283 0.632055 0.559495 0.633337 0.562113 0.635396 0.562293 0.635569 0.563977 0.637201 0.563694 0.638186 0.563051 0.638225 0.561172 0.638279 0.557599 0.638142 0.554098 0.637447 0.553462 0.637359 0.551451 0.636920 0.548250 0.635985 0.545165 0.634919 0.540826 0.633210 0.534501 0.630089 0.529876 0.627152 0.523217 0.623313 0.517002 0.619352 0.507143 0.612250 0.499505 0.606733 0.493859 0.602568 0.493198 0.601518 0.490901 0.600485 0.489991 0.600231 0.489793 0.600148 0.489675 0.600036 0.483710 0.594610 0.478549 0.590353 0.476461 0.587792 0.470358 0.579106 0.470267 0.578932 0.469049 0.576307 0.467195 0.572804 0.465171 0.568612 0.463621 0.564533 0.462844 0.562089 0.462137 0.559889 0.461978 0.559491 0.462010 0.559471 0.462188 0.559232 0.462223 0.558943 0.461314 0.556517 0.460055 0.553485 0.459660 0.552262 0.459147 0.551627 0.458590 0.550342 0.458305 0.549715 0.457610 0.548253 0.457168 0.547316 0.456173 0.544879 0.454747 0.540409 0.454318 0.536993 0.454590 0.533766 0.455053 0.531585 0.456234 0.529448 0.457456 0.528809 0.458668 0.528500 0.460582 0.528825 0.461965 0.529583 0.463859 0.531914 0.465582 0.534188 0.465976 0.534597 0.465984 0.534605 0.466096 0.534722 0.466121 0.534770 0.466123 0.534775
23 0.479323 0.488460 0.478451 0.492254 0.477807 0.498727 0.477795 0.502731 0.478481 0.509007 0.478915 0.510852 0.478823 0.510988 0.478979 0.511605 0.479813 0.514900 0.479873 0.515136 0.481142 0.519330 0.482042 0.522017 0.483475 0.525025 0.486407 0.531845 0.487444 0.534142 0.489857 0.538349 0.492353 0.543215 0.493448 0.544918 0.497967 0.551918 0.504847 0.560823 0.511256 0.568353 0.514179 0.572318 0.517547 0.576094 0.520980 0.579971 0.522608 0.581807 0.527676 0.588439 0.529106 0.590192 0.532291 0.593585 0.534318 0.595316 0.541543 0.601545 0.544462 0.603557 0.546315 0.604358 0.551889 0.605414 0.553745 0.605731 0.558718 0.605885 0.566892 0.606936 0.570490 0.608451 0.571306 0.608810 0.573097 0.609513 0.573925 0.610188 0.578260 0.613157 0.581271 0.616007 0.582987 0.619109 0.585678 0.625251 0.585719 0.632436 0.585415 0.634582 0.584328 0.637722 0.583335 0.639673 0.582570 0.640070 0.582100 0.639998 0.581166 0.639058 0.580218 0.636403 0.579543 0.634512 0.578903 0.632754 0.577316 0.629919 0.573748 0.625817 0.570703 0.622845 0.567160 0.620596 0.563333 0.618666 0.556608 0.615426 0.552656 0.613421 0.549392 0.610969 0.548244 0.609957 0.546924 0.608011 0.544591 0.604886 0.543280 0.603468 0.541488 0.601996 0.539266 0.600324 0.537884 0.599465 0.535983 0.597706 0.532810 0.594794 0.530514 0.592581 0.530099 0.592061 0.528127 0.589782 0.525819 0.586986 0.523975 0.584646 0.521626 0.582145 0.517970 0.578456 0.514491 0.574697 0.512683 0.573424 0.511761 0.573100 0.510570 0.572449 0.509784 0.571669 0.509402 0.570894 0.508897 0.570065 0.506956 0.567988 0.504318 0.564461 0.503449 0.563535 0.502516 0.562338 0.501186 0.560242 0.499515 0.558135 0.498648 0.556595 0.498102 0.555893 0.497402 0.555313 0.496442 0.553989 0.495227 0.551574 0.493870 0.549451 0.493476 0.548572 0.492524 0.547622 0.491542 0.545768 0.490973 0.544312 0.490607 0.543304 0.489945 0.542165 0.489257 0.541243 0.488325 0.539434 0.487548 0.538136 0.486902 0.536441 0.486295 0.535679 0.485974 0.535031 0.485362 0.533748 0.484219 0.531475 0.483711 0.530369 0.483301 0.529412 0.482693 0.528494 0.482157 0.527551 0.481808 0.526621 0.481468 0.525362 0.481161 0.524426 0.480607 0.523473 0.479978 0.522402 0.479039 0.520375 0.478756 0.519290 0.477958 0.517772 0.477008 0.516019 0.476367 0.514622 0.475719 0.514033 0.475328 0.513127 0.474326 0.512031 0.473668 0.510968 0.472912 0.510045 0.472331 0.509288 0.471602 0.508115 0.470364 0.506794 0.468887 0.505907 0.466905 0.504280 0.465864 0.503365 0.465479 0.503593 0.463063 0.502326 0.460788 0.501479 0.459687 0.501583 0.457399 0.501078 0.456189 0.500808 0.455362 0.501145 0.454447 0.501072 0.453504 0.500906 0.452615 0.501028 0.451303 0.501236 0.448992 0.501859 0.445914 0.503304 0.442998 0.505032 0.442906 0.505593 0.441805 0.506675 0.440311 0.507267 0.439666 0.508089 0.439453 0.508809 0.438968 0.509311 0.437457 0.511095 0.436290 0.513133 0.434664 0.518609 0.434239 0.520455 0.434013 0.523428 0.434079 0.527381 0.434410 0.530082 0.435027 0.532930 0.436779 0.539203 0.437528 0.541621 0.438473 0.543778 0.439804 0.547553 0.441050 0.551028 0.442539 0.554790 0.443959 0.557384 0.444489 0.558542 0.444549 0.558703 0.446806 0.562978 0.446963 0.563700 0.447061 0.564193 0.447087 0.564232 0.447036 0.564309 0.447012 0.564425 0.446683 0.564706 0.445074 0.564149 0.440927 0.562838 0.434806 0.562188 0.429214 0.562352 0.425128 0.563239 0.425418 0.562983 0.425710 0.562850 0.429818 0.562048 0.430588 0.561726 0.431480 0.561591 0.432244 0.561807 0.433154 0.561838 0.433692 0.561844 0.433949 0.561143 0.434540 0.561916 0.436546 0.562125 0.438821 0.562338 0.439669 0.562410 0.440477 0.562419 0.441294 0.562066 0.441309 0.562056 0.441988 0.560635 0.442154 0.558836 0.441002 0.554599 0.440557 0.553641 0.439452 0.552490 0.437800 0.552140 0.438492 0.551423 0.438498 0.550885 0.439383 0.551288 0.440210 0.551463 0.440469 0.550493 0.439887 0.548913 0.439505 0.547915 0.438851 0.547183 0.438844 0.545940 0.437858 0.543465 0.436976 0.542792 0.437076 0.541303 0.436440 0.538956 0.435241 0.535195 0.434496 0.531584 0.434380 0.530858 0.433332 0.530204 0.433297 0.529603 0.433886 0.528864 0.433895 0.528057 0.432436 0.525266 0.431635 0.524718 0.431044 0.523945 0.432446 0.524458 0.432943 0.524402 0.433428 0.523642 0.433600 0.523085 0.432680 0.522080 0.433325 0.521839 0.434335 0.518600 0.434207 0.517170 0.434282 0.516053 0.434090 0.514664 0.434281 0.510711 0.433924 0.509341 0.433771 0.508283 0.435169 0.507284 0.434894 0.506039 0.435901 0.506630 0.436753 0.506433 0.438089 0.505475 0.439177 0.500850 0.443489 0.498581 0.449303 0.495335 0.455533 0.493688 0.459307 0.493193 0.463954 0.494179 0.467265 0.494341 0.466526 0.491972 0.469111 0.492250 0.469070 0.490407 0.471151 0.491280 0.470332 0.494128 0.470704 0.495933 0.472313 0.496490 0.472579 0.498543 0.473840 0.500483 0.472276 0.501500 0.473049 0.502689 0.474889 0.502917 0.475474 0.504229 0.475305 0.504517 0.474670 0.503950 0.474316 0.504091 0.474229 0.504504 0.474204 0.504877 0.474282 0.505271 0.474630 0.505668 0.474770 0.506022 0.475866 0.506200 0.476545 0.506560 0.476808 0.507101 0.476905 0.507661 0.476614 0.507761 0.476085 0.506948 0.475609 0.506901 0.475503 0.507148 0.475353 0.507602 0.476389 0.509332 0.476830 0.510559 0.476664 0.512358 0.478013 0.513885 0.478802 0.515509 0.479143 0.518226 0.479829 0.519828 0.480690 0.522384 0.481097 0.523010 0.481350 0.524359 0.483197 0.527610 0.484230 0.529609 0.487576 0.537495 0.493025 0.546150 0.500381 0.558284 0.505338 0.564677 0.510667 0.570271 0.510677 0.570287 0.510271 0.571070 0.511294 0.572468 0.513669 0.572972 0.513654 0.572948 0.512630 0.570650 0.508321 0.566388 0.502355 0.559404 0.495942 0.549952 0.493138 0.545364 0.490071 0.540236 0.489482 0.539194 0.489241 0.538549 0.488959 0.537842 0.488002 0.536506 0.487034 0.534197 0.487000 0.533596 0.486737 0.533054 0.486142 0.532551 0.485394 0.530989 0.484527 0.528971 0.482922 0.526364 0.482355 0.525219 0.481929 0.524427 0.481638 0.522747 0.481153 0.521727 0.480831 0.520957 0.480148 0.519086 0.479522 0.515932 0.479653 0.515312 0.479619 0.514711 0.478680 0.513541 0.477472 0.512368 0.477878 0.511213 0.477750 0.509783 0.478069 0.509041 0.477916 0.507983 0.477602 0.506406 0.477349 0.505058 0.477399 0.504313 0.477389 0.503340 0.477586 0.502410 0.476985 0.500664 0.476535 0.500245 0.475771 0.500029 0.475214 0.499857 0.475079 0.498965 0.475214 0.498076 0.475161 0.497310 0.474728 0.495276 0.474594 0.494384 0.473943 0.493383 0.473721 0.492904 0.474227 0.492040 0.474719 0.490741 0.474499 0.489994 0.473805 0.489199 0.474072 0.488669 0.474080 0.488664 0.474092 0.487587 0.473676 0.485988 0.473713 0.484539 0.472827 0.482355 0.471610 0.480209 0.471062 0.479229 0.471885 0.479673 0.472361 0.479720 0.472699 0.479144 0.472977 0.478340 0.472986 0.477533 0.472595 0.475561 0.471475 0.473975 0.467666 0.472088 0.464474 0.472383 0.465091 0.474564 0.463439 0.475994 0.460025 0.479627 0.457153 0.480705 0.456976 0.481409 0.457851 0.483011 0.455901 0.483299 0.448708 0.489490 0.444752 0.491349 0.440813 0.495424 0.439862 0.493549 0.442490 0.491840 0.443466 0.489781 0.442042 0.489372 0.436957 0.491140 0.442627 0.488457 0.448981 0.484827 0.452916 0.481823 0.456688 0.478313 0.457770 0.477409 0.459332 0.474847 0.462161 0.470281 0.462886 0.468964 0.466566 0.464423 0.472598 0.461325 0.473579 0.461121 0.475217 0.460713 0.479076 0.461309 0.483373 0.464391 0.483943 0.465679 0.485777 0.469851 0.487705 0.475264 0.487418 0.476141 0.486938 0.476876 0.486202 0.477421 0.483840 0.480036 0.481590 0.483714 0.479323 0.488460
23 0.411441 0.545628 0.411686 0.545713 0.412555 0.547273 0.412931 0.550590 0.413113 0.552787 0.412462 0.553600 0.412044 0.553916 0.411989 0.553351 0.411519 0.548281 0.411441 0.545628
23 0.413510 0.535134 0.413565 0.535132 0.415518 0.536355 0.415900 0.539134 0.413703 0.537535 0.412282 0.538002 0.412052 0.538078 0.411209 0.538355 0.411163 0.536025 0.411227 0.534960 0.411294 0.534961 0.413510 0.535134
23 0.417790 0.511639 0.416306 0.514630 0.414536 0.518194 0.414621 0.517806 0.414972 0.516532 0.415794 0.513482 0.420200 0.504340 0.421885 0.502310 0.426641 0.503480 0.426707 0.504951 0.423493 0.503568 0.422173 0.506742 0.420762 0.510597 0.417790 0.511639
23 0.421885 0.502310 0.421872 0.502307 0.421894 0.502299 0.421885 0.502310
23 0.426378 0.501158 0.424222 0.501403 0.421894 0.502299 0.424331 0.499362 0.430312 0.495774 0.435708 0.491731 0.436698 0.491263 0.432946 0.495375 0.432392 0.498495 0.433034 0.502084 0.433420 0.504593 0.432337 0.506900 0.430287 0.505116 0.429761 0.502253 0.426378 0.501158
23 0.436957 0.491140 0.436698 0.491263 0.436741 0.491215 0.436957 0.491140
24 0.422046 0.638541 0.420852 0.643758 0.419231 0.649498 0.418375 0.650352 0.417722 0.652449 0.415253 0.656458 0.414022 0.657231 0.411202 0.660288 0.408606 0.662954 0.401623 0.667601 0.397294 0.669993 0.392054 0.671504 0.391120 0.671589 0.390473 0.671780 0.389040 0.672152 0.382998 0.673568 0.375544 0.673439 0.365439 0.672140 0.350018 0.666942 0.338218 0.659834 0.329299 0.652399 0.323566 0.645721 0.315918 0.633821 0.310031 0.620777 0.308305 0.608109 0.309464 0.593510 0.313172 0.581474 0.314411 0.579242 0.314817 0.579935 0.313188 0.584156 0.312809 0.585371 0.311562 0.590232 0.312811 0.585372 0.313189 0.584155 0.314828 0.579917 0.317211 0.576857 0.319473 0.577915 0.320726 0.578533 0.325959 0.578824 0.325911 0.595594 0.325874 0.605946 0.325981 0.578721 0.330907 0.575151 0.332466 0.574579 0.336175 0.574407 0.340285 0.574208 0.340278 0.574144 0.343276 0.572729 0.344119 0.585803 0.343622 0.591201 0.344391 0.607173 0.345700 0.617541 0.348455 0.624653 0.352955 0.631165 0.358417 0.636963 0.364907 0.641468 0.369602 0.643758 0.374631 0.645741 0.378389 0.646592 0.383042 0.647039 0.386481 0.646851 0.390531 0.645821 0.393807 0.643602 0.397114 0.640472 0.398575 0.635872 0.398978 0.629645 0.398548 0.618439 0.398622 0.610199 0.399863 0.601290 0.401242 0.593003 0.405095 0.583348 0.410349 0.573460 0.419217 0.565736 0.424067 0.563472 0.429214 0.562352 0.434806 0.562188 0.440927 0.562838 0.445074 0.564149 0.446683 0.564706 0.447011 0.564421 0.447061 0.564193 0.446987 0.563813 0.446963 0.563700 0.446806 0.562978 0.444549 0.558703 0.444489 0.558542 0.443959 0.557384 0.443908 0.557289 0.443902 0.557272 0.443898 0.557274 0.442539 0.554790 0.441050 0.551028 0.439804 0.547553 0.438729 0.544513 0.438473 0.543778 0.437528 0.541621 0.436779 0.539203 0.435027 0.532930 0.434410 0.530082 0.434079 0.527381 0.434013 0.523428 0.434239 0.520455 0.434664 0.518609 0.436290 0.513133 0.437457 0.511095 0.438968 0.509311 0.439453 0.508806 0.439666 0.508089 0.440312 0.507269 0.441807 0.506675 0.442906 0.505593 0.442998 0.505032 0.445914 0.503304 0.448992 0.501859 0.451303 0.501236 0.452615 0.501028 0.453504 0.500906 0.454447 0.501072 0.455362 0.501145 0.456189 0.500808 0.457399 0.501078 0.459687 0.501583 0.460788 0.501479 0.463063 0.502326 0.465479 0.503593 0.465864 0.503365 0.466905 0.504280 0.468887 0.505907 0.470364 0.506794 0.471602 0.508115 0.472331 0.509288 0.472912 0.510045 0.473668 0.510968 0.474326 0.512031 0.475328 0.513127 0.475716 0.514032 0.476367 0.514622 0.477008 0.516019 0.477958 0.517772 0.478756 0.519290 0.479039 0.520375 0.479978 0.522402 0.480607 0.523473 0.481161 0.524426 0.481468 0.525362 0.481808 0.526621 0.482157 0.527551 0.482693 0.528494 0.483301 0.529412 0.483711 0.530369 0.484219 0.531475 0.485362 0.533748 0.485974 0.535031 0.486295 0.535679 0.486902 0.536441 0.487548 0.538136 0.488325 0.539434 0.489257 0.541243 0.489945 0.542165 0.490607 0.543304 0.490973 0.544312 0.491542 0.545768 0.492524 0.547622 0.493476 0.548572 0.493870 0.549451 0.495227 0.551574 0.496442 0.553989 0.497402 0.555313 0.498102 0.555893 0.498648 0.556595 0.499515 0.558135 0.501186 0.560242 0.502516 0.562338 0.503449 0.563535 0.504318 0.564461 0.506956 0.567988 0.508897 0.570065 0.509402 0.570894 0.509784 0.571669 0.510570 0.572449 0.511761 0.573100 0.512683 0.573424 0.514491 0.574697 0.517970 0.578456 0.521626 0.582145 0.523975 0.584646 0.525819 0.586986 0.528127 0.589782 0.530099 0.592061 0.530514 0.592581 0.532810 0.594794 0.535983 0.597706 0.537884 0.599465 0.539266 0.600324 0.541488 0.601996 0.542987 0.603228 0.542529 0.603523 0.542993 0.603232 0.543067 0.603295 0.543280 0.603468 0.544591 0.604886 0.546924 0.608011 0.548173 0.609847 0.548229 0.609933 0.548229 0.609965 0.548244 0.609957 0.548460 0.610151 0.549392 0.610969 0.552656 0.613421 0.556608 0.615426 0.563333 0.618666 0.564051 0.619034 0.564393 0.619201 0.567160 0.620596 0.570703 0.622845 0.573748 0.625817 0.577316 0.629919 0.578901 0.632750 0.579546 0.634513 0.580218 0.636402 0.581166 0.639058 0.582028 0.639922 0.582100 0.639998 0.582567 0.640067 0.583332 0.639672 0.584328 0.637722 0.585415 0.634582 0.585719 0.632436 0.585678 0.625251 0.582985 0.619108 0.581271 0.616007 0.578260 0.613157 0.573925 0.610188 0.573003 0.609476 0.570229 0.608341 0.571074 0.607857 0.574263 0.606051 0.574603 0.605875 0.579576 0.603130 0.579942 0.603459 0.579639 0.603090 0.579313 0.599028 0.585424 0.597159 0.587983 0.595902 0.589319 0.595016 0.589297 0.594965 0.589234 0.594830 0.589213 0.594786 0.589032 0.594399 0.586932 0.589918 0.584394 0.585369 0.581984 0.580747 0.582981 0.580358 0.582389 0.577796 0.579954 0.569583 0.578571 0.567336 0.579283 0.565002 0.575461 0.555163 0.572104 0.554718 0.570788 0.552388 0.573982 0.550748 0.572108 0.546153 0.569490 0.544272 0.570249 0.541030 0.568064 0.537672 0.569401 0.534891 0.568682 0.533500 0.568631 0.533401 0.568204 0.532964 0.566850 0.533034 0.565970 0.533237 0.565160 0.524025 0.564999 0.523590 0.564621 0.522569 0.562388 0.512831 0.562107 0.510449 0.559992 0.502378 0.560107 0.499585 0.560065 0.498090 0.559830 0.494997 0.556165 0.484225 0.548473 0.475936 0.542138 0.471097 0.538923 0.474701 0.542932 0.478903 0.546726 0.479900 0.551323 0.483015 0.550378 0.484821 0.530656 0.478590 0.526100 0.478703 0.525432 0.477309 0.525352 0.477142 0.524673 0.475001 0.521797 0.473043 0.516980 0.472788 0.514719 0.472689 0.512575 0.477347 0.511524 0.480523 0.508051 0.483671 0.501980 0.482276 0.499725 0.471407 0.493863 0.471316 0.493841 0.471264 0.491396 0.466065 0.493865 0.471319 0.491274 0.473981 0.487707 0.475262 0.485777 0.469847 0.483373 0.464391 0.479079 0.461311 0.475213 0.460714 0.473581 0.461122 0.472595 0.461328 0.466567 0.464422 0.462882 0.468961 0.462163 0.470275 0.459330 0.474845 0.457768 0.477413 0.456689 0.478316 0.452915 0.481819 0.448977 0.484826 0.442628 0.488459 0.435705 0.491730 0.430313 0.495774 0.424335 0.499364 0.420205 0.504341 0.415796 0.513481 0.413981 0.520159 0.413094 0.523576 0.412036 0.527830 0.411708 0.529127 0.411158 0.536024 0.411518 0.548285 0.412375 0.557484 0.412181 0.564665 0.412112 0.567853 0.412110 0.567952 0.412007 0.567930 0.408890 0.568865 0.408890 0.568888 0.404691 0.570372 0.397553 0.571718 0.390732 0.574200 0.390908 0.576005 0.389185 0.577338 0.379255 0.582504 0.372795 0.586602 0.371318 0.568646 0.372765 0.586588 0.368942 0.589759 0.367139 0.589712 0.365781 0.590773 0.364799 0.589954 0.363436 0.576304 0.362467 0.567775 0.363483 0.561837 0.363184 0.557551 0.362656 0.553778 0.361758 0.551720 0.360352 0.542573 0.362347 0.529345 0.363691 0.515116 0.363812 0.513523 0.365252 0.513444 0.363891 0.513505 0.365370 0.508182 0.367584 0.498184 0.370104 0.486295 0.372403 0.480125 0.375710 0.476173 0.378249 0.472786 0.383143 0.468758 0.386569 0.462936 0.386716 0.460970 0.386940 0.460937 0.387766 0.456492 0.391977 0.444840 0.395814 0.437270 0.410018 0.418942 0.422533 0.407567 0.436429 0.397631 0.453977 0.389393 0.464212 0.380246 0.484294 0.367723 0.500790 0.360575 0.505628 0.358944 0.508497 0.357416 0.514474 0.355798 0.519119 0.354369 0.524090 0.352827 0.531375 0.351812 0.538300 0.348621 0.544387 0.348606 0.544825 0.347777 0.546092 0.346798 0.548953 0.346697 0.550756 0.346782 0.550661 0.347068 0.550760 0.346784 0.565366 0.344639 0.581961 0.345513 0.603138 0.353024 0.624922 0.363524 0.638520 0.372935 0.649718 0.383996 0.662760 0.398577 0.673217 0.412879 0.673815 0.416675 0.673496 0.424539 0.673544 0.429405 0.669714 0.434744 0.666004 0.444101 0.670324 0.440776 0.674412 0.438546 0.678255 0.441033 0.677964 0.447706 0.675819 0.450654 0.672367 0.454653 0.668387 0.456531 0.652797 0.460078 0.643093 0.461312 0.633230 0.465588 0.619466 0.474270 0.618846 0.474192 0.617820 0.475407 0.608550 0.496989 0.602196 0.511029 0.597285 0.518821 0.598145 0.547419 0.598739 0.547066 0.598809 0.547499 0.599016 0.549479 0.601770 0.560065 0.603053 0.565051 0.603361 0.565608 0.608605 0.579882 0.608119 0.581423 0.608974 0.584062 0.611021 0.590377 0.612007 0.593418 0.614240 0.604410 0.616054 0.613337 0.616368 0.619453 0.615965 0.621802 0.614520 0.630218 0.614040 0.631971 0.613152 0.634341 0.608275 0.647350 0.602811 0.654889 0.599049 0.657949 0.599525 0.658412 0.598020 0.659674 0.588858 0.664206 0.583128 0.666040 0.573118 0.668875 0.570794 0.669508 0.570194 0.669708 0.565866 0.670951 0.562709 0.671814 0.557662 0.672936 0.554877 0.673712 0.553139 0.674196 0.551390 0.674509 0.546249 0.675427 0.544495 0.675405 0.542739 0.675384 0.539361 0.675531 0.533008 0.675243 0.525651 0.674506 0.520467 0.673792 0.518845 0.673440 0.512717 0.672559 0.502853 0.670442 0.493542 0.667319 0.490026 0.665265 0.485936 0.663834 0.469553 0.655343 0.458402 0.645588 0.454781 0.640018 0.450899 0.631857 0.451509 0.623893 0.453112 0.608694 0.452777 0.601878 0.447753 0.592785 0.447741 0.592798 0.442206 0.587983 0.437387 0.585552 0.431525 0.585590 0.428709 0.588757 0.424704 0.595846 0.422625 0.599445 0.421135 0.605712 0.420097 0.608001 0.420302 0.609036 0.420552 0.609864 0.420717 0.610803 0.420715 0.611416 0.420508 0.611717 0.420532 0.619660 0.421374 0.625389 0.421915 0.630858 0.422046 0.638541
24 0.363891 0.513505 0.363890 0.513506 0.363782 0.513510 0.363891 0.513505