0 0.525222 0.470358 0.531443 0.478051 0.538526 0.487057 0.542483 0.496331 0.546713 0.506245 0.548666 0.510822 0.549462 0.519689 0.553031 0.525167 0.552258 0.529801 0.548772 0.533861 0.549738 0.541809 0.547851 0.547277 0.546091 0.550081 0.543104 0.554420 0.541043 0.557681 0.532573 0.563513 0.533570 0.565229 0.529607 0.568228 0.523182 0.569515 0.517858 0.569209 0.511783 0.567367 0.511083 0.564907 0.503946 0.561850 0.500868 0.560393 0.495550 0.557875 0.493984 0.556701 0.490717 0.554254 0.484411 0.551222 0.478341 0.545823 0.468604 0.538425 0.466985 0.537690 0.462540 0.535691 0.457568 0.532434 0.455859 0.531134 0.449049 0.525994 0.447213 0.524290 0.444867 0.521040 0.442338 0.517536 0.440932 0.516213 0.437005 0.511493 0.436635 0.511160 0.436615 0.507687 0.436617 0.505015 0.436976 0.501390 0.438236 0.497581 0.440266 0.491855 0.443148 0.487118 0.448430 0.480038 0.452476 0.473603 0.456876 0.468466 0.459363 0.466075 0.466129 0.470723 0.472748 0.472277 0.478742 0.470404 0.482106 0.466009 0.491961 0.460749 0.495185 0.461411 0.504506 0.465344 0.507422 0.466435 0.508968 0.467014 0.510970 0.467799 0.519683 0.471229 0.525222 0.470358
1 0.599661 0.504879 0.601576 0.505037 0.601874 0.505062 0.602091 0.505099 0.607896 0.506097 0.612628 0.507957 0.614942 0.510962 0.615172 0.518171 0.612897 0.521399 0.611847 0.522888 0.611148 0.522100 0.607239 0.515225 0.604503 0.514206 0.601458 0.514346 0.598226 0.507890 0.599661 0.504879
3 0.555806 0.548792 0.555593 0.548392 0.555447 0.548120 0.553844 0.544994 0.553858 0.544709 0.554973 0.536874 0.555826 0.532647 0.558341 0.528578 0.564034 0.534677 0.568980 0.543599 0.567488 0.548133 0.561813 0.555159 0.557708 0.552688 0.557334 0.552419 0.556402 0.550126 0.555806 0.548792
4 0.582917 0.500924 0.584002 0.508525 0.590063 0.518405 0.592393 0.525436 0.593486 0.528822 0.597688 0.532873 0.598538 0.533692 0.599093 0.531995 0.599565 0.529435 0.603171 0.526265 0.609079 0.527719 0.611508 0.533756 0.614345 0.529047 0.614478 0.526445 0.615235 0.520143 0.615173 0.518200 0.611847 0.522888 0.611148 0.522100 0.607239 0.515225 0.604503 0.514206 0.601458 0.514346 0.598226 0.507890 0.599659 0.504878 0.597337 0.504686 0.582917 0.500924
5 0.551700 0.563010 0.551230 0.557949 0.550889 0.555289 0.550041 0.548998 0.551062 0.547957 0.553844 0.544994 0.555447 0.548120 0.555806 0.548792 0.556286 0.549846 0.557359 0.552444 0.557606 0.552627 0.561813 0.555159 0.562698 0.558587 0.562916 0.561790 0.562776 0.562678 0.562605 0.563881 0.562020 0.567039 0.561945 0.567608 0.561517 0.572313 0.555353 0.569412 0.555076 0.569297 0.551832 0.565586 0.551700 0.563010
6 0.601993 0.562193 0.599379 0.562338 0.597249 0.561091 0.593826 0.556904 0.591686 0.553947 0.587655 0.548375 0.581729 0.540916 0.585161 0.538832 0.586315 0.538014 0.592289 0.533928 0.593486 0.528822 0.598538 0.533692 0.597810 0.535915 0.598636 0.538855 0.600155 0.540198 0.606724 0.544618 0.607095 0.555348 0.604327 0.561708 0.601993 0.562193
7 0.572004 0.549055 0.564034 0.534677 0.556393 0.526492 0.553031 0.525167 0.549462 0.519689 0.548666 0.510822 0.549284 0.512271 0.553008 0.517660 0.559294 0.523273 0.566149 0.531706 0.567964 0.536034 0.576030 0.549285 0.578000 0.555612 0.572004 0.549055
7 0.495516 0.446806 0.499733 0.441388 0.504368 0.439360 0.507218 0.438668 0.509028 0.438305 0.509753 0.439127 0.507195 0.440589 0.504295 0.441879 0.502170 0.445081 0.501921 0.447637 0.502878 0.450975 0.504440 0.453145 0.506807 0.455082 0.507903 0.456497 0.506733 0.457943 0.505231 0.459143 0.503273 0.459561 0.501186 0.460006 0.492083 0.455863 0.492593 0.455429 0.495516 0.446806
8 0.579681 0.510212 0.580123 0.511568 0.578422 0.512541 0.575843 0.511183 0.574170 0.509785 0.571084 0.506856 0.570616 0.504666 0.569874 0.501542 0.569953 0.499770 0.571794 0.499453 0.574541 0.500165 0.576407 0.500682 0.577772 0.502070 0.579564 0.503672 0.579796 0.505836 0.579518 0.508109 0.579681 0.510212
9 0.527258 0.467528 0.525824 0.466352 0.524631 0.465532 0.523141 0.464691 0.521665 0.464014 0.518708 0.461773 0.517146 0.460022 0.514667 0.456704 0.511026 0.451374 0.509404 0.447202 0.509508 0.442539 0.511104 0.439146 0.513504 0.436374 0.517903 0.433237 0.522230 0.430910 0.526219 0.429570 0.530261 0.428769 0.534553 0.428280 0.542407 0.427887 0.550080 0.428936 0.558004 0.430299 0.566294 0.431949 0.573649 0.433799 0.579673 0.436849 0.589437 0.441971 0.596798 0.446995 0.602896 0.452105 0.607439 0.455087 0.609994 0.456757 0.613923 0.461946 0.619051 0.469950 0.620515 0.473009 0.622126 0.477781 0.623039 0.483204 0.623437 0.489119 0.623022 0.491689 0.622525 0.493389 0.621849 0.497682 0.621249 0.499117 0.621028 0.501075 0.620389 0.501612 0.619894 0.502804 0.618599 0.505034 0.612628 0.507957 0.607896 0.506097 0.601874 0.505062 0.597337 0.504686 0.582917 0.500924 0.579143 0.496112 0.567564 0.491927 0.554618 0.482477 0.552138 0.479465 0.544717 0.477568 0.533736 0.471607 0.530355 0.469451 0.527518 0.468447 0.527554 0.468102 0.527258 0.467528
10 0.555071 0.569312 0.554813 0.578404 0.551437 0.585475 0.546757 0.589857 0.543948 0.589313 0.542022 0.588918 0.539065 0.586614 0.538947 0.582243 0.535866 0.577558 0.535514 0.573956 0.537323 0.566260 0.543963 0.565332 0.551838 0.565605 0.555071 0.569312
10 0.578810 0.579678 0.579497 0.586656 0.581722 0.588606 0.581941 0.588820 0.582771 0.589555 0.584310 0.589898 0.582083 0.592512 0.580886 0.593851 0.576843 0.596546 0.572439 0.597905 0.567426 0.598555 0.558402 0.597580 0.552980 0.596723 0.554648 0.593227 0.556189 0.594279 0.557438 0.592851 0.556705 0.590087 0.556337 0.587876 0.558262 0.585704 0.558262 0.585704 0.559089 0.584474 0.560253 0.582531 0.560466 0.581695 0.561029 0.579478 0.561798 0.568893 0.561991 0.567203 0.562782 0.562705 0.562847 0.561005 0.562682 0.558592 0.561817 0.555201 0.567488 0.548133 0.568980 0.543599 0.572004 0.549055 0.578000 0.555612 0.576632 0.551218 0.576017 0.549281 0.570161 0.539644 0.581729 0.540916 0.587655 0.548375 0.593826 0.556904 0.597249 0.561091 0.599379 0.562338 0.601993 0.562193 0.604327 0.561708 0.603673 0.564851 0.604258 0.566335 0.603137 0.567700 0.601950 0.568755 0.599730 0.570469 0.603543 0.574922 0.603834 0.577262 0.597003 0.572079 0.589000 0.568381 0.584470 0.568615 0.582565 0.571143 0.578810 0.579678
12 0.512951 0.426129 0.509308 0.424871 0.502248 0.428743 0.499823 0.430244 0.490598 0.435855 0.485581 0.438906 0.476813 0.444746 0.475348 0.445154 0.473209 0.448397 0.472768 0.448836 0.480435 0.452162 0.500901 0.460494 0.501186 0.460006 0.492083 0.455863 0.482306 0.452038 0.475227 0.448861 0.475443 0.447974 0.476881 0.447372 0.477468 0.446793 0.486183 0.442818 0.494103 0.436114 0.502510 0.430943 0.508203 0.428582 0.510953 0.427178 0.511140 0.427083 0.512222 0.426535 0.512951 0.426129
13 0.630161 0.552418 0.631097 0.553232 0.629485 0.554493 0.627508 0.554753 0.617639 0.557842 0.613634 0.557227 0.611149 0.556222 0.608924 0.551332 0.608642 0.549208 0.608000 0.539155 0.606724 0.544618 0.604910 0.543398 0.604423 0.543070 0.604144 0.542882 0.603860 0.542691 0.603528 0.542468 0.602794 0.541974 0.602269 0.541620 0.601832 0.541326 0.600155 0.540198 0.599648 0.539757 0.598636 0.538855 0.597810 0.535915 0.599093 0.531995 0.599565 0.529435 0.600608 0.528518 0.603171 0.526265 0.609079 0.527719 0.611508 0.533756 0.614171 0.529335 0.614346 0.529027 0.613855 0.538573 0.617046 0.543462 0.630161 0.552418
14 0.478092 0.550283 0.477551 0.551277 0.476965 0.552542 0.476386 0.553767 0.474885 0.556851 0.472447 0.558469 0.471023 0.558383 0.465518 0.555565 0.462054 0.551582 0.461990 0.551508 0.458315 0.547861 0.458173 0.547688 0.457574 0.550016 0.457496 0.550273 0.436647 0.534647 0.433149 0.532026 0.433799 0.531570 0.434390 0.529521 0.434520 0.529069 0.434940 0.526899 0.434584 0.525504 0.433751 0.522241 0.433909 0.520286 0.433519 0.516999 0.434099 0.516589 0.434469 0.515090 0.434688 0.514170 0.435650 0.514953 0.436563 0.515195 0.436772 0.515940 0.437434 0.517244 0.438145 0.518591 0.438628 0.519209 0.443541 0.524833 0.448018 0.528399 0.452280 0.531467 0.452280 0.531467 0.456591 0.533576 0.466158 0.539778 0.474156 0.544711 0.477158 0.545903 0.478092 0.550283
15 0.414834 0.601095 0.412612 0.604515 0.409986 0.609922 0.409504 0.614450 0.410736 0.616147 0.411665 0.617432 0.419407 0.616153 0.423312 0.611943 0.430269 0.604446 0.433112 0.600587 0.433406 0.600194 0.434244 0.595894 0.433712 0.589825 0.432139 0.588176 0.426195 0.595016 0.415801 0.599600 0.415746 0.599690 0.415677 0.599797 0.414834 0.601095
16 0.433149 0.532026 0.453590 0.547346 0.448205 0.545805 0.440389 0.544208 0.435241 0.545858 0.430667 0.549463 0.425009 0.556190 0.422379 0.561493 0.421068 0.569659 0.420801 0.577943 0.418844 0.582685 0.414399 0.587306 0.414392 0.593299 0.414115 0.593435 0.411656 0.594699 0.406769 0.593544 0.404268 0.586669 0.403794 0.581249 0.404943 0.573076 0.405655 0.568793 0.406428 0.564207 0.407474 0.556284 0.409658 0.549925 0.411167 0.547695 0.414893 0.543695 0.421675 0.538279 0.428582 0.533446 0.429916 0.532226 0.431608 0.533106 0.433149 0.532026
17 0.532442 0.590899 0.541084 0.592008 0.540644 0.594882 0.534796 0.596114 0.529661 0.596567 0.526661 0.596327 0.525902 0.596347 0.522408 0.596442 0.520267 0.595013 0.513755 0.595438 0.509568 0.597044 0.505929 0.599552 0.504683 0.597097 0.503568 0.598831 0.502443 0.601101 0.499506 0.600967 0.498145 0.598885 0.495871 0.599292 0.493959 0.601081 0.491816 0.600693 0.491378 0.597976 0.491309 0.597661 0.492934 0.594677 0.496147 0.592947 0.497021 0.592477 0.497937 0.591818 0.500785 0.589769 0.496886 0.588641 0.496961 0.586488 0.502203 0.584224 0.510594 0.580984 0.509407 0.580690 0.505031 0.580794 0.499446 0.582752 0.495165 0.580366 0.499795 0.579001 0.510345 0.574091 0.520332 0.575471 0.523162 0.576928 0.521167 0.581170 0.523317 0.584451 0.524944 0.584562 0.527583 0.582625 0.528789 0.581639 0.531348 0.582278 0.533618 0.582844 0.534706 0.583116 0.533241 0.585756 0.536670 0.586167 0.537035 0.586477 0.534573 0.588084 0.532527 0.588679 0.532520 0.588681 0.532390 0.588719 0.532442 0.590899
17 0.453590 0.547346 0.457604 0.550352 0.460511 0.552530 0.466681 0.560965 0.466760 0.562778 0.466031 0.565203 0.459533 0.569727 0.447282 0.575903 0.439538 0.577064 0.422560 0.590556 0.414392 0.593299 0.414399 0.587306 0.418844 0.582685 0.420801 0.577943 0.421068 0.569659 0.422379 0.561493 0.425009 0.556190 0.430667 0.549463 0.435241 0.545858 0.440389 0.544208 0.448205 0.545805 0.453590 0.547346
18 0.451288 0.642797 0.454254 0.642993 0.456320 0.645467 0.458166 0.645681 0.456320 0.645467 0.454254 0.642993 0.456086 0.640846 0.459497 0.638017 0.460265 0.637687 0.462736 0.637672 0.466627 0.636231 0.469995 0.637444 0.472496 0.636758 0.473479 0.637023 0.474021 0.637843 0.474838 0.638443 0.474838 0.638443 0.474838 0.638443 0.474838 0.638442 0.474840 0.638442 0.476803 0.637920 0.479934 0.636649 0.481210 0.634681 0.481159 0.633250 0.480773 0.631043 0.479615 0.630781 0.477026 0.630570 0.469702 0.632184 0.466424 0.633071 0.466423 0.633071 0.466423 0.633071 0.463821 0.634391 0.458845 0.636914 0.458533 0.638066 0.455166 0.638240 0.452882 0.637912 0.452882 0.637912 0.452881 0.637912 0.451496 0.638833 0.446745 0.643160 0.442950 0.646875 0.442945 0.646880 0.442945 0.646880 0.442943 0.646878 0.439411 0.642872 0.439413 0.642871 0.442028 0.641362 0.442932 0.640830 0.442736 0.639514 0.441276 0.637734 0.443486 0.634973 0.447989 0.634590 0.447993 0.634590 0.447994 0.634591 0.450266 0.637536 0.452878 0.637911 0.452879 0.637911 0.450266 0.637536 0.447993 0.634590 0.447260 0.632507 0.447535 0.630159 0.447536 0.630159 0.447535 0.630159 0.447535 0.630159 0.447539 0.630157 0.447540 0.630156 0.453268 0.626474 0.453451 0.626359 0.453451 0.626359 0.453459 0.626353 0.453462 0.626351 0.454534 0.625663 0.457135 0.624008 0.478209 0.615671 0.482948 0.614384 0.485579 0.614058 0.485741 0.614021 0.485773 0.614022 0.485778 0.614022 0.487119 0.618033 0.489923 0.622928 0.494532 0.633090 0.498604 0.637485 0.502288 0.640133 0.502288 0.640134 0.502398 0.640043 0.502357 0.640463 0.505390 0.644154 0.508491 0.649336 0.511006 0.656158 0.509689 0.658787 0.511272 0.662123 0.511245 0.662091 0.512744 0.665383 0.512819 0.665562 0.510543 0.666394 0.512005 0.669891 0.512414 0.671352 0.512414 0.671352 0.512413 0.671352 0.512414 0.671352 0.512926 0.673179 0.513091 0.674988 0.510999 0.678762 0.511923 0.680165 0.513121 0.681986 0.511901 0.684532 0.513731 0.684966 0.510966 0.687956 0.509215 0.692909 0.507713 0.693324 0.505948 0.693812 0.505119 0.693356 0.500584 0.690646 0.500388 0.690545 0.500266 0.685689 0.501357 0.684801 0.501917 0.684113 0.501357 0.684801 0.500269 0.685687 0.500268 0.685686 0.500265 0.685682 0.498607 0.682911 0.499228 0.682244 0.499171 0.681264 0.499907 0.680420 0.499899 0.677521 0.498823 0.674621 0.497103 0.674072 0.495648 0.673696 0.493603 0.675201 0.493106 0.677520 0.494502 0.679054 0.492760 0.680189 0.490295 0.680791 0.490293 0.680792 0.490293 0.680792 0.490292 0.680790 0.488443 0.682054 0.486652 0.683401 0.487135 0.685664 0.486911 0.687475 0.486909 0.687491 0.486477 0.687326 0.485924 0.687119 0.481455 0.685414 0.481447 0.685411 0.481393 0.685391 0.479489 0.684666 0.477912 0.684065 0.477599 0.683946 0.477693 0.683808 0.477806 0.683648 0.478043 0.683313 0.479107 0.681809 0.475032 0.679635 0.475975 0.677357 0.477773 0.673625 0.474780 0.671989 0.479934 0.671212 0.474780 0.671989 0.474392 0.671537 0.474391 0.671535 0.474391 0.671535 0.474392 0.671534 0.474720 0.671112 0.475037 0.670405 0.474557 0.670078 0.473774 0.669491 0.472763 0.669049 0.470842 0.668047 0.469186 0.666996 0.468366 0.666055 0.467195 0.665532 0.465466 0.665166 0.463850 0.664968 0.462303 0.664696 0.459998 0.664268 0.458357 0.663865 0.457030 0.663279 0.455299 0.662723 0.454027 0.662308 0.452648 0.662058 0.451707 0.662345 0.450753 0.662701 0.449910 0.662910 0.449203 0.663395 0.448274 0.663811 0.448271 0.663812 0.448271 0.663812 0.448271 0.663811 0.448290 0.658782 0.443742 0.647784 0.443184 0.647151 0.442945 0.646880 0.447726 0.645803 0.447940 0.645623 0.451288 0.642797
18 0.447994 0.634591 0.447993 0.634590 0.447994 0.634591 0.447994 0.634591
18 0.451657 0.609000 0.455696 0.610046 0.456611 0.612904 0.457135 0.616074 0.453934 0.618771 0.450629 0.619983 0.445284 0.621368 0.439652 0.622823 0.438908 0.622507 0.436728 0.621578 0.437468 0.617981 0.443707 0.614665 0.448944 0.610952 0.451657 0.609000
18 0.531007 0.636801 0.535224 0.645976 0.537401 0.655892 0.536074 0.666556 0.533081 0.674277 0.528964 0.679308 0.523496 0.684871 0.517496 0.687372 0.516638 0.686212 0.517236 0.683581 0.516792 0.676348 0.515463 0.664969 0.513164 0.653823 0.511206 0.646364 0.509371 0.636619 0.512886 0.632205 0.518213 0.626550 0.521085 0.626645 0.525366 0.629823 0.531007 0.636801
19 0.423134 0.735857 0.422981 0.735860 0.421828 0.733789 0.420545 0.731486 0.420386 0.728302 0.420132 0.723225 0.421109 0.721228 0.421687 0.720063 0.424709 0.713967 0.419974 0.712086 0.419693 0.711982 0.419946 0.711686 0.422341 0.708751 0.422822 0.705457 0.423852 0.702375 0.424246 0.701194 0.430014 0.697322 0.430956 0.696696 0.433338 0.695787 0.434013 0.696825 0.434875 0.697373 0.436875 0.695492 0.438751 0.693728 0.444456 0.689001 0.447211 0.685432 0.448806 0.682511 0.448801 0.682491 0.449132 0.681884 0.449712 0.680808 0.450383 0.679564 0.453485 0.675472 0.457526 0.673001 0.462430 0.671811 0.465101 0.671813 0.465783 0.670733 0.464987 0.670337 0.462761 0.669665 0.461645 0.669329 0.464277 0.668783 0.465611 0.668752 0.467620 0.669103 0.469812 0.669874 0.471596 0.670883 0.473327 0.671549 0.474391 0.671535 0.474780 0.671989 0.477773 0.673625 0.475975 0.677357 0.475032 0.679635 0.479107 0.681809 0.477709 0.683785 0.477599 0.683946 0.486909 0.687491 0.486831 0.688109 0.486625 0.689740 0.486636 0.693705 0.485556 0.695251 0.486638 0.693708 0.486631 0.689740 0.487135 0.685664 0.486652 0.683401 0.488494 0.682015 0.490293 0.680792 0.492760 0.680189 0.494502 0.679054 0.493106 0.677520 0.493603 0.675201 0.495648 0.673696 0.497103 0.674072 0.498823 0.674621 0.499899 0.677521 0.499907 0.680420 0.499171 0.681264 0.499228 0.682244 0.498607 0.682911 0.500268 0.685686 0.500388 0.690545 0.500540 0.690621 0.500584 0.690646 0.505119 0.693356 0.505948 0.693812 0.505125 0.694039 0.500512 0.695319 0.496131 0.707122 0.488141 0.716636 0.483042 0.724113 0.482432 0.725002 0.482154 0.725061 0.481791 0.724673 0.482291 0.725215 0.480035 0.727770 0.479218 0.728695 0.476334 0.729882 0.475859 0.730374 0.476131 0.730531 0.475965 0.731079 0.472853 0.741149 0.473301 0.747557 0.473135 0.747972 0.474074 0.747586 0.485219 0.743159 0.492814 0.736530 0.493234 0.736571 0.491553 0.740755 0.487656 0.743185 0.478433 0.747482 0.471543 0.750150 0.466870 0.752928 0.463330 0.754969 0.459908 0.756332 0.457301 0.757509 0.456386 0.757102 0.452952 0.757641 0.448961 0.758193 0.449028 0.758113 0.446981 0.755315 0.446011 0.753987 0.444707 0.756471 0.442752 0.763055 0.439709 0.766994 0.439641 0.767074 0.430205 0.770526 0.430192 0.770535 0.430189 0.770532 0.430188 0.770532 0.423987 0.767235 0.422141 0.760611 0.422739 0.749672 0.424170 0.743507 0.423046 0.736351 0.423134 0.735857
19 0.480231 0.737890 0.479723 0.733796 0.491370 0.727571 0.493905 0.732225 0.489043 0.735623 0.483165 0.738409 0.480231 0.737890
19 0.501594 0.718852 0.500956 0.721587 0.500164 0.723591 0.500820 0.725962 0.500024 0.730108 0.498041 0.732970 0.494700 0.735209 0.492977 0.736420 0.492714 0.735923 0.492261 0.735064 0.492459 0.734804 0.495557 0.730845 0.497464 0.728021 0.498745 0.720397 0.498925 0.716927 0.498648 0.709582 0.499434 0.708319 0.499907 0.707557 0.499759 0.709684 0.499779 0.710766 0.500272 0.712438 0.501594 0.718852
20 0.414351 0.688376 0.415354 0.690433 0.415752 0.692622 0.416765 0.696882 0.417378 0.699323 0.417208 0.701390 0.416771 0.703383 0.416063 0.705183 0.414620 0.707002 0.413564 0.708029 0.412086 0.709426 0.410567 0.710177 0.410130 0.710202 0.409205 0.709016 0.408720 0.708135 0.408560 0.706994 0.408681 0.706021 0.408874 0.704782 0.409414 0.703241 0.409756 0.702374 0.409335 0.701655 0.409069 0.700620 0.408360 0.700268 0.407231 0.699806 0.406676 0.699421 0.408350 0.696844 0.406681 0.699339 0.404935 0.698008 0.403611 0.696089 0.402048 0.695937 0.400253 0.694972 0.399218 0.694096 0.397699 0.694173 0.397251 0.693877 0.396325 0.693309 0.394897 0.691910 0.394346 0.690975 0.393815 0.690094 0.392832 0.689236 0.391682 0.689057 0.389363 0.688572 0.387447 0.687828 0.385646 0.686108 0.383991 0.683977 0.383108 0.682227 0.382670 0.681488 0.381825 0.678462 0.381606 0.675683 0.381468 0.674178 0.381597 0.673130 0.381977 0.671006 0.381937 0.669179 0.381438 0.668308 0.381186 0.667767 0.381189 0.666521 0.381248 0.664286 0.381473 0.662385 0.381918 0.659459 0.382545 0.656709 0.382701 0.655651 0.383517 0.653881 0.384682 0.651522 0.386091 0.649518 0.387533 0.647790 0.389684 0.645792 0.391380 0.644784 0.392556 0.644276 0.394411 0.643403 0.396343 0.642432 0.398946 0.641500 0.401481 0.640116 0.403509 0.638220 0.403906 0.637615 0.404688 0.636538 0.405933 0.635599 0.407107 0.634912 0.410221 0.633234 0.413989 0.632322 0.416607 0.631922 0.419390 0.631531 0.422765 0.631317 0.427448 0.631768 0.429882 0.632701 0.432331 0.634300 0.433611 0.635857 0.435530 0.638470 0.443742 0.647784 0.448290 0.658782 0.448268 0.664634 0.443487 0.667972 0.439041 0.670189 0.437038 0.671087 0.434248 0.672499 0.431730 0.674182 0.429962 0.675454 0.429041 0.676405 0.428489 0.677100 0.427678 0.677525 0.427068 0.677664 0.425657 0.678401 0.424463 0.678948 0.421611 0.679915 0.419694 0.680537 0.418311 0.680926 0.416692 0.681821 0.415752 0.682207 0.414405 0.683242 0.413792 0.684700 0.413514 0.686052 0.413760 0.687203 0.414351 0.688376
21 0.492593 0.455429 0.492083 0.455863 0.488109 0.454192 0.482306 0.452038 0.475227 0.448861 0.475443 0.447974 0.475531 0.447938 0.476881 0.447372 0.477468 0.446793 0.486177 0.442815 0.494090 0.436119 0.502510 0.430943 0.508177 0.428595 0.514345 0.425447 0.519953 0.422541 0.524622 0.420384 0.531379 0.419431 0.539365 0.420230 0.552393 0.422335 0.561680 0.424078 0.571709 0.426152 0.578732 0.426729 0.586632 0.430844 0.587363 0.431287 0.590209 0.433012 0.595384 0.438380 0.597104 0.441005 0.595928 0.440645 0.591682 0.436483 0.585985 0.431532 0.580632 0.428766 0.571979 0.427132 0.567726 0.427144 0.554207 0.424166 0.541831 0.422052 0.531855 0.421372 0.525923 0.421905 0.518024 0.426094 0.500619 0.436097 0.497242 0.440298 0.496521 0.445515 0.495516 0.446806 0.492593 0.455429
22 0.504018 0.450724 0.503601 0.449485 0.503379 0.448198 0.503003 0.447224 0.503025 0.446006 0.503276 0.445114 0.504455 0.443596 0.506214 0.441927 0.506936 0.441628 0.508053 0.441534 0.509464 0.441600 0.509300 0.443657 0.509161 0.445008 0.508678 0.445500 0.509169 0.446441 0.509281 0.447325 0.509827 0.449419 0.510316 0.450673 0.511236 0.451874 0.510719 0.452381 0.512420 0.455391 0.512949 0.456583 0.512318 0.459199 0.510847 0.458640 0.508457 0.458600 0.509156 0.455581 0.507648 0.453949 0.505671 0.453272 0.504018 0.450724
23 0.671767 0.483399 0.674621 0.485715 0.675249 0.486241 0.675425 0.486389 0.677930 0.489397 0.682219 0.496054 0.687700 0.502370 0.689991 0.504569 0.691167 0.504883 0.692697 0.505715 0.694100 0.506760 0.694651 0.507020 0.695066 0.507186 0.696646 0.507904 0.699422 0.509150 0.701057 0.509846 0.701075 0.509843 0.702921 0.509498 0.702953 0.509508 0.706049 0.510115 0.708867 0.510178 0.712887 0.510425 0.716660 0.509799 0.720308 0.508286 0.722676 0.507125 0.722913 0.507008 0.723138 0.506735 0.722049 0.509464 0.721031 0.510869 0.716464 0.515614 0.709664 0.521771 0.708326 0.523523 0.704650 0.526074 0.699932 0.529710 0.696382 0.532459 0.693380 0.533876 0.689879 0.534496 0.684318 0.535166 0.678466 0.535834 0.675820 0.535834 0.674391 0.535608 0.671157 0.535862 0.670164 0.536123 0.667442 0.536162 0.664637 0.535835 0.661731 0.535518 0.659957 0.535226 0.657726 0.534716 0.656338 0.534335 0.654086 0.533360 0.651969 0.532298 0.650544 0.530872 0.649591 0.529639 0.648728 0.527208 0.647814 0.524275 0.647382 0.522323 0.647309 0.521912 0.646884 0.521512 0.646473 0.519822 0.645516 0.517879 0.644304 0.514671 0.643241 0.512320 0.641571 0.509876 0.640794 0.508329 0.638470 0.505576 0.638204 0.505252 0.671767 0.483399
23 0.338284 0.565941 0.337957 0.560606 0.338408 0.548930 0.339881 0.531678 0.342005 0.521332 0.343901 0.512237 0.347052 0.502786 0.352265 0.490673 0.355550 0.482562 0.357077 0.480775 0.357325 0.480415 0.361159 0.473060 0.366425 0.464552 0.374899 0.453334 0.382928 0.443751 0.385817 0.439830 0.395144 0.429723 0.398496 0.426013 0.406384 0.417742 0.414358 0.411030 0.420074 0.406331 0.427550 0.402480 0.438469 0.396971 0.449560 0.392287 0.458564 0.387856 0.467081 0.383332 0.477381 0.378391 0.482528 0.376189 0.491919 0.372963 0.507024 0.367359 0.535564 0.359745 0.547800 0.356704 0.555292 0.356018 0.566285 0.356064 0.576462 0.357071 0.577776 0.357259 0.581957 0.357883 0.585377 0.358741 0.587313 0.358084 0.595842 0.358121 0.608534 0.360545 0.618493 0.362477 0.629626 0.365810 0.636433 0.368080 0.644835 0.370396 0.650301 0.372234 0.663483 0.376932 0.672989 0.381501 0.674259 0.382541 0.677732 0.385146 0.685359 0.391364 0.693616 0.398421 0.695151 0.399948 0.703395 0.408246 0.706046 0.411114 0.710898 0.419490 0.716214 0.428811 0.722216 0.438131 0.727020 0.446187 0.729613 0.451453 0.731066 0.456516 0.731127 0.456729 0.731212 0.457026 0.731285 0.457266 0.731281 0.457479 0.731263 0.458612 0.731155 0.458387 0.731160 0.458407 0.730633 0.457378 0.730229 0.456600 0.728403 0.453040 0.723749 0.448966 0.716371 0.445839 0.708327 0.445663 0.701095 0.445799 0.695905 0.444099 0.693780 0.441014 0.689863 0.436661 0.683777 0.431300 0.679889 0.427672 0.675988 0.416843 0.674829 0.413097 0.673790 0.411245 0.672699 0.409594 0.669578 0.406856 0.665178 0.405412 0.660153 0.405014 0.655467 0.405955 0.649858 0.406846 0.645420 0.408839 0.645036 0.408974 0.643334 0.409225 0.641302 0.409603 0.638351 0.410422 0.635632 0.411522 0.633668 0.412557 0.631042 0.413991 0.627842 0.416078 0.625316 0.417502 0.624223 0.417700 0.622742 0.417588 0.621789 0.416488 0.620808 0.414516 0.620243 0.413181 0.619529 0.410447 0.618661 0.407790 0.617671 0.405234 0.616926 0.403563 0.615783 0.401628 0.614618 0.399711 0.613013 0.397818 0.610665 0.396064 0.609030 0.395221 0.608307 0.394547 0.605828 0.394073 0.603695 0.393785 0.601462 0.394184 0.600025 0.394567 0.598271 0.395490 0.595603 0.397224 0.592057 0.400199 0.589523 0.402318 0.587718 0.403693 0.587690 0.403717 0.586087 0.404515 0.584210 0.404730 0.582609 0.404427 0.581535 0.404017 0.580389 0.403534 0.578056 0.402166 0.575383 0.400692 0.571533 0.399182 0.567272 0.397407 0.564607 0.396590 0.561500 0.395411 0.560045 0.394905 0.559648 0.394422 0.556802 0.394031 0.556077 0.394265 0.555190 0.394318 0.553669 0.394275 0.552068 0.393973 0.549670 0.393069 0.546358 0.391082 0.542071 0.388071 0.538564 0.384745 0.536127 0.382147 0.534734 0.381070 0.531970 0.378752 0.529287 0.376766 0.527578 0.376274 0.525591 0.374973 0.525019 0.375129 0.522524 0.372300 0.522498 0.372298 0.518631 0.371502 0.514872 0.371440 0.512116 0.371555 0.510042 0.372427 0.507698 0.373557 0.505721 0.374855 0.503215 0.377037 0.502453 0.378049 0.501501 0.380124 0.499834 0.385179 0.498979 0.392705 0.498928 0.394112 0.498588 0.396711 0.498279 0.398583 0.497534 0.400718 0.496847 0.402527 0.495365 0.404398 0.494193 0.405529 0.492314 0.406917 0.490133 0.407804 0.488333 0.408862 0.487194 0.409049 0.485444 0.409521 0.483021 0.410305 0.480508 0.410848 0.476768 0.412014 0.474176 0.413107 0.471312 0.414325 0.467766 0.415948 0.461324 0.418852 0.458151 0.419371 0.455734 0.419546 0.451683 0.418938 0.446519 0.417857 0.442463 0.417169 0.439244 0.416795 0.438508 0.417074 0.437480 0.417206 0.434801 0.417766 0.432114 0.418392 0.428737 0.419779 0.426446 0.421312 0.424642 0.422747 0.423771 0.423862 0.422212 0.425300 0.417449 0.426467 0.414189 0.428180 0.411805 0.431861 0.411386 0.432629 0.410972 0.434431 0.411959 0.440202 0.413884 0.444660 0.414667 0.447361 0.415311 0.448233 0.417792 0.450663 0.419429 0.451890 0.423639 0.455483 0.426236 0.458760 0.427100 0.462397 0.425690 0.465972 0.420222 0.470370 0.411591 0.476209 0.405985 0.479851 0.399495 0.482771 0.396067 0.483656 0.393321 0.484077 0.388627 0.484361 0.382214 0.484318 0.373332 0.486208 0.369388 0.488580 0.364865 0.493071 0.361596 0.498850 0.360945 0.503348 0.360661 0.505706 0.360917 0.507429 0.361173 0.509151 0.361497 0.510720 0.363898 0.517637 0.365947 0.522716 0.368347 0.526928 0.369168 0.529925 0.370915 0.535929 0.371967 0.541442 0.372025 0.548448 0.370678 0.558446 0.367691 0.566215 0.363934 0.572106 0.360470 0.575533 0.356823 0.579207 0.353439 0.580733 0.349707 0.581482 0.346017 0.580167 0.343128 0.577711 0.341114 0.574438 0.340792 0.573724 0.340286 0.572594 0.340074 0.572116 0.339504 0.570833 0.338284 0.565941
23 0.596800 0.446994 0.589435 0.441972 0.579667 0.436848 0.573647 0.433801 0.566291 0.431949 0.558000 0.430297 0.550079 0.428933 0.542405 0.427886 0.534551 0.428278 0.530260 0.428774 0.526217 0.429573 0.522229 0.430907 0.517904 0.433242 0.513508 0.436372 0.511102 0.439147 0.509505 0.442538 0.509401 0.447201 0.511029 0.451371 0.514664 0.456704 0.517151 0.460023 0.518708 0.461773 0.521665 0.464014 0.523308 0.464767 0.524113 0.465232 0.524631 0.465532 0.525820 0.466352 0.527257 0.467527 0.527551 0.468106 0.527518 0.468447 0.526580 0.467467 0.525321 0.466920 0.523397 0.465976 0.521478 0.464655 0.518498 0.463469 0.516610 0.462980 0.513909 0.462471 0.512403 0.462006 0.511982 0.461023 0.511722 0.460295 0.511428 0.459703 0.510911 0.459294 0.510417 0.459266 0.510105 0.459739 0.509756 0.459652 0.509779 0.459343 0.509680 0.459075 0.509990 0.459158 0.510230 0.459009 0.510201 0.458827 0.510319 0.458633 0.510843 0.458638 0.512319 0.459200 0.512946 0.456583 0.512426 0.455392 0.510724 0.452382 0.511238 0.451875 0.510314 0.450678 0.509827 0.449424 0.509283 0.447322 0.509171 0.446436 0.508679 0.445500 0.509157 0.445010 0.509303 0.443658 0.509463 0.441605 0.509286 0.441595 0.509042 0.441578 0.509070 0.441494 0.509387 0.441101 0.510556 0.439452 0.510900 0.438975 0.512210 0.437306 0.513532 0.436063 0.515909 0.433988 0.518071 0.432681 0.521176 0.430890 0.523397 0.430006 0.529229 0.428329 0.533017 0.427764 0.537854 0.427580 0.541047 0.427673 0.546071 0.427746 0.548988 0.428151 0.552733 0.428841 0.557027 0.429599 0.560992 0.430205 0.567768 0.431616 0.571734 0.432282 0.576849 0.432848 0.580090 0.433542 0.582372 0.434673 0.585260 0.436672 0.588180 0.438946 0.590706 0.440976 0.593634 0.443715 0.597154 0.446366 0.600086 0.448919 0.603481 0.451081 0.605651 0.452148 0.607100 0.452720 0.608383 0.453296 0.607439 0.455087 0.602897 0.452104 0.596800 0.446994
24 0.448805 0.450643 0.449765 0.451943 0.450263 0.454723 0.450536 0.457421 0.450451 0.461006 0.449641 0.463399 0.448301 0.466530 0.447794 0.468662 0.444488 0.472648 0.443412 0.474027 0.441891 0.476776 0.441016 0.478401 0.437853 0.482958 0.435722 0.484612 0.433719 0.487141 0.430303 0.491567 0.427779 0.493860 0.427171 0.494927 0.426783 0.496454 0.422676 0.500494 0.420313 0.502425 0.415974 0.504977 0.411245 0.507512 0.405750 0.508586 0.403904 0.509367 0.398760 0.508546 0.390692 0.506784 0.385283 0.505360 0.385898 0.506256 0.387244 0.506937 0.392072 0.509902 0.395816 0.513781 0.398682 0.517561 0.400749 0.520149 0.402084 0.521963 0.402193 0.524036 0.405344 0.532219 0.405758 0.535998 0.405936 0.538243 0.406721 0.541475 0.406285 0.542679 0.406787 0.545347 0.407419 0.547497 0.407363 0.550176 0.407163 0.552961 0.406265 0.556936 0.405456 0.561213 0.405266 0.563495 0.404765 0.568219 0.403654 0.573347 0.402411 0.576434 0.400190 0.581667 0.399016 0.583839 0.395163 0.589011 0.392921 0.591338 0.391430 0.593506 0.389293 0.596446 0.385822 0.600893 0.383614 0.603687 0.378981 0.608087 0.375605 0.610681 0.370683 0.614861 0.366436 0.617687 0.363842 0.619337 0.361038 0.620892 0.357188 0.623188 0.354724 0.624319 0.350761 0.626140 0.346693 0.627466 0.342554 0.628984 0.338795 0.630275 0.334166 0.631519 0.330934 0.632304 0.326411 0.633003 0.323025 0.633189 0.318023 0.632143 0.314774 0.630997 0.310868 0.628833 0.307607 0.625982 0.304508 0.622079 0.302001 0.617473 0.300544 0.613320 0.299562 0.609392 0.299057 0.605942 0.298875 0.604002 0.299292 0.593621 0.299822 0.587992 0.300670 0.581823 0.300931 0.580099 0.301218 0.575466 0.301719 0.571770 0.301762 0.569765 0.302016 0.565329 0.302310 0.561307 0.302469 0.559400 0.303020 0.553017 0.303392 0.550766 0.303673 0.547081 0.303935 0.544124 0.304386 0.539985 0.304801 0.537228 0.304898 0.534128 0.305503 0.530442 0.306845 0.523082 0.307509 0.518864 0.307964 0.516787 0.308392 0.515119 0.309000 0.510995 0.310035 0.507391 0.311087 0.504364 0.311701 0.500997 0.312461 0.497969 0.313532 0.495349 0.314086 0.493275 0.314587 0.492078 0.315947 0.488883 0.316182 0.487494 0.317159 0.485362 0.317661 0.484019 0.318426 0.481349 0.319403 0.479760 0.320354 0.476744 0.322625 0.471616 0.323653 0.469575 0.325152 0.466169 0.325656 0.464680 0.328918 0.458495 0.334067 0.449154 0.346696 0.430208 0.357478 0.416067 0.368910 0.401910 0.377365 0.392593 0.388463 0.381924 0.396987 0.374675 0.406067 0.368588 0.420477 0.360052 0.431652 0.354369 0.441034 0.349677 0.444431 0.348358 0.446271 0.347159 0.447605 0.346812 0.448933 0.346239 0.450497 0.345231 0.454484 0.343367 0.456553 0.342813 0.458496 0.341796 0.460863 0.340636 0.462024 0.340358 0.464635 0.339009 0.467334 0.337708 0.475065 0.334976 0.477065 0.333985 0.482680 0.332014 0.486598 0.330653 0.490252 0.329280 0.493656 0.328704 0.496541 0.327673 0.501074 0.326472 0.504741 0.325776 0.507028 0.325443 0.507321 0.324888 0.509328 0.324289 0.512345 0.323874 0.516000 0.323237 0.518863 0.322635 0.521340 0.322326 0.522557 0.321398 0.523710 0.321610 0.527456 0.321127 0.529809 0.320389 0.532158 0.320088 0.534733 0.319650 0.538214 0.319168 0.540308 0.318776 0.541189 0.318922 0.543071 0.318450 0.546346 0.318040 0.549537 0.317749 0.555743 0.317261 0.558766 0.317397 0.565116 0.317202 0.569301 0.317385 0.573236 0.317677 0.574568 0.318019 0.575977 0.318382 0.578907 0.318652 0.588109 0.319139 0.598913 0.320733 0.602473 0.321355 0.609974 0.322670 0.614755 0.323650 0.619570 0.324897 0.624423 0.325930 0.625179 0.326250 0.626162 0.326528 0.629296 0.327409 0.633453 0.328735 0.635483 0.329340 0.642263 0.331457 0.650061 0.334167 0.657177 0.337075 0.661601 0.339169 0.667993 0.341904 0.674346 0.344960 0.679484 0.347611 0.681627 0.348818 0.686455 0.351558 0.693180 0.356003 0.698274 0.359533 0.699954 0.360892 0.707028 0.366656 0.710754 0.370311 0.712613 0.371944 0.714835 0.373965 0.719029 0.378451 0.722687 0.382327 0.727435 0.388053 0.731254 0.393108 0.734538 0.398055 0.735559 0.399654 0.737903 0.403771 0.741041 0.408643 0.743806 0.413159 0.746532 0.417562 0.748949 0.422488 0.750622 0.425819 0.752135 0.429566 0.753563 0.433147 0.754777 0.437979 0.755879 0.441819 0.756848 0.446810 0.757596 0.452611 0.757863 0.458370 0.757763 0.462483 0.757608 0.469194 0.757061 0.475271 0.756245 0.482070 0.755429 0.487326 0.755084 0.489010 0.754386 0.492418 0.753992 0.494112 0.752283 0.500747 0.750861 0.505483 0.749649 0.508623 0.748951 0.510107 0.748351 0.511479 0.748353 0.511480 0.746082 0.516263 0.743643 0.520672 0.741464 0.524420 0.737986 0.528601 0.735170 0.531949 0.730534 0.536316 0.727522 0.539227 0.723718 0.542329 0.720759 0.544635 0.717679 0.546575 0.714149 0.548709 0.711299 0.550576 0.708296 0.552132 0.704008 0.554497 0.700893 0.555814 0.698420 0.556905 0.696037 0.557812 0.691939 0.558917 0.688451 0.559736 0.683278 0.560613 0.678342 0.561192 0.672661 0.561561 0.670916 0.561577 0.667627 0.561550 0.664141 0.561475 0.660872 0.561179 0.657332 0.560870 0.653960 0.560441 0.651821 0.559983 0.650414 0.559823 0.649306 0.559466 0.647268 0.558949 0.644648 0.558016 0.642863 0.557424 0.640333 0.556382 0.638269 0.555143 0.637529 0.554345 0.635764 0.553241 0.633601 0.551697 0.632191 0.550232 0.631684 0.552928 0.631097 0.553232 0.630038 0.552334 0.617046 0.543462 0.617057 0.543427 0.617259 0.542812 0.617534 0.541973 0.617547 0.541933 0.617596 0.541785 0.617637 0.541660 0.617677 0.541538 0.618742 0.538294 0.618948 0.537337 0.619553 0.534541 0.622209 0.522263 0.623742 0.518307 0.624955 0.515178 0.625023 0.515001 0.624313 0.514170 0.623277 0.513438 0.623541 0.512993 0.625054 0.510746 0.626763 0.508116 0.627946 0.506643 0.629244 0.503950 0.629542 0.503511 0.629633 0.503358 0.630662 0.502546 0.634046 0.502132 0.637697 0.504650 0.640791 0.508329 0.641572 0.509880 0.643240 0.512317 0.644300 0.514671 0.645511 0.517878 0.646476 0.519824 0.646882 0.521516 0.647310 0.521913 0.647383 0.522325 0.647814 0.524271 0.648722 0.527206 0.649592 0.529639 0.650544 0.530878 0.651969 0.532299 0.654088 0.533358 0.656335 0.534337 0.657729 0.534719 0.659959 0.535227 0.661732 0.535521 0.664637 0.535832 0.667448 0.536163 0.670163 0.536118 0.671154 0.535861 0.674391 0.535613 0.675820 0.535835 0.678468 0.535835 0.684317 0.535167 0.689882 0.534498 0.693382 0.533874 0.696382 0.532455 0.699935 0.529707 0.704655 0.526074 0.708323 0.523520 0.709660 0.521770 0.716467 0.515616 0.721029 0.510869 0.722049 0.509461 0.723138 0.506735 0.723183 0.506644 0.722913 0.507008 0.720309 0.508291 0.716663 0.509802 0.712888 0.510424 0.708867 0.510183 0.706044 0.510114 0.702920 0.509498 0.701057 0.509846 0.699111 0.509010 0.694100 0.506760 0.692775 0.505773 0.692697 0.505715 0.691167 0.504883 0.689991 0.504569 0.687700 0.502370 0.684458 0.498634 0.682219 0.496054 0.677930 0.489397 0.675425 0.486389 0.674624 0.485715 0.675014 0.484987 0.674621 0.485715 0.674552 0.485659 0.671767 0.483399 0.669513 0.481508 0.665153 0.478835 0.658892 0.476082 0.654399 0.474231 0.649342 0.471709 0.649236 0.470081 0.648989 0.468061 0.654208 0.470487 0.661614 0.473673 0.654209 0.470487 0.648990 0.468059 0.649100 0.465715 0.651251 0.464245 0.652447 0.461233 0.654246 0.458774 0.653907 0.458122 0.654949 0.457594 0.655225 0.458004 0.657231 0.458247 0.655261 0.458008 0.655225 0.458004 0.658061 0.456828 0.664341 0.459076 0.666262 0.459897 0.670230 0.461187 0.673640 0.463133 0.676644 0.464562 0.680848 0.466483 0.685016 0.468399 0.688017 0.470487 0.688004 0.470490 0.688017 0.470487 0.693264 0.475046 0.698940 0.481040 0.703999 0.490158 0.703291 0.487087 0.700456 0.481511 0.698753 0.477539 0.697989 0.473672 0.698572 0.469823 0.700027 0.466642 0.697987 0.467078 0.691599 0.467904 0.684064 0.465787 0.679549 0.464369 0.675910 0.461909 0.671200 0.459916 0.670919 0.459778 0.668885 0.458462 0.667049 0.455007 0.666651 0.452283 0.661173 0.446665 0.657458 0.440130 0.654503 0.433434 0.653980 0.430981 0.649822 0.431502 0.649822 0.431503 0.646618 0.432072 0.643821 0.432813 0.641809 0.433187 0.638172 0.433096 0.632308 0.433810 0.628761 0.433888 0.624307 0.433466 0.618545 0.432525 0.614783 0.431680 0.613541 0.430889 0.610779 0.429572 0.608995 0.429106 0.608054 0.428696 0.607404 0.426730 0.606211 0.426600 0.605145 0.425628 0.602481 0.421960 0.602505 0.420153 0.603086 0.417730 0.603185 0.415632 0.603052 0.414280 0.602989 0.417568 0.602223 0.420735 0.600705 0.423650 0.596777 0.423823 0.597547 0.424987 0.598413 0.424549 0.601992 0.428731 0.606825 0.434783 0.610261 0.439728 0.613468 0.445028 0.612811 0.445694 0.612953 0.447593 0.612152 0.450919 0.612612 0.451523 0.609791 0.451881 0.609106 0.452134 0.608398 0.453271 0.608383 0.453296 0.607100 0.452720 0.605651 0.452148 0.603481 0.451081 0.600086 0.448919 0.597154 0.446366 0.593634 0.443715 0.590706 0.440976 0.588180 0.438946 0.585260 0.436672 0.582372 0.434673 0.580090 0.433542 0.576849 0.432848 0.571734 0.432282 0.567768 0.431616 0.560992 0.430205 0.557027 0.429599 0.552733 0.428841 0.548988 0.428151 0.546071 0.427746 0.541047 0.427673 0.537854 0.427580 0.533017 0.427764 0.529229 0.428329 0.523397 0.430006 0.521176 0.430890 0.518071 0.432681 0.515909 0.433988 0.513532 0.436063 0.512210 0.437306 0.510900 0.438975 0.510556 0.439452 0.509387 0.441101 0.509251 0.441273 0.509070 0.441494 0.509042 0.441578 0.509003 0.441574 0.508844 0.441571 0.508052 0.441534 0.506935 0.441630 0.506211 0.441924 0.504456 0.443596 0.503274 0.445111 0.503028 0.446002 0.503008 0.447226 0.503384 0.448198 0.503596 0.449485 0.504019 0.450719 0.505672 0.453274 0.507648 0.453944 0.509152 0.455583 0.508680 0.457638 0.507630 0.458404 0.506142 0.459326 0.505231 0.459144 0.505491 0.458931 0.506734 0.457945 0.507902 0.456501 0.506808 0.455082 0.504439 0.453140 0.502874 0.450972 0.501920 0.447637 0.502170 0.445076 0.504292 0.441883 0.507190 0.440588 0.509758 0.439128 0.509310 0.438627 0.509072 0.438352 0.509125 0.438284 0.509055 0.438317 0.507218 0.438668 0.504394 0.439347 0.499688 0.441380 0.498164 0.443405 0.496521 0.445515 0.497248 0.440293 0.500631 0.436063 0.518045 0.426096 0.525923 0.421905 0.531855 0.421372 0.541831 0.422052 0.554243 0.424169 0.567690 0.427127 0.571979 0.427132 0.580629 0.428762 0.584883 0.430947 0.585982 0.431512 0.589108 0.434257 0.591703 0.436473 0.593751 0.438507 0.595909 0.440649 0.597104 0.441005 0.595389 0.438371 0.590187 0.432984 0.587603 0.431433 0.587363 0.431287 0.586936 0.431029 0.586632 0.430844 0.578760 0.426723 0.571711 0.426141 0.561680 0.424047 0.552353 0.422341 0.539407 0.420228 0.531379 0.419431 0.524650 0.420377 0.519953 0.422541 0.514399 0.425422 0.514341 0.425469 0.512994 0.426136 0.511873 0.425758 0.509308 0.424871 0.512597 0.423006 0.502281 0.428748 0.485581 0.438906 0.476813 0.444746 0.475348 0.445154 0.475149 0.445455 0.473209 0.448397 0.472768 0.448836 0.472211 0.448373 0.471129 0.447695 0.470982 0.445848 0.470756 0.444264 0.468786 0.446429 0.459078 0.451003 0.452579 0.450560 0.448127 0.448157 0.448805 0.450643