1 0.419889 0.552325 0.415652 0.534336 0.408106 0.527975 0.403105 0.516057 0.415329 0.527716 0.422032 0.534494 0.429332 0.547182 0.431906 0.552985 0.434688 0.558816 0.432782 0.558483 0.431040 0.557803 0.429435 0.557710 0.426504 0.557536 0.425641 0.557487 0.425523 0.557383 0.419889 0.552325
1 0.469313 0.354130 0.458736 0.351726 0.455674 0.353915 0.455482 0.358274 0.454718 0.351707 0.447639 0.354936 0.449008 0.363242 0.448415 0.366094 0.447973 0.370592 0.447234 0.358865 0.446699 0.355253 0.444474 0.354449 0.440932 0.356563 0.439512 0.359160 0.439308 0.360935 0.440111 0.362708 0.439071 0.367377 0.435783 0.363529 0.434587 0.363393 0.433188 0.366365 0.432338 0.363350 0.430208 0.361676 0.426424 0.364900 0.427279 0.367923 0.422833 0.364779 0.421227 0.365179 0.421661 0.375499 0.419379 0.372012 0.419395 0.372143 0.420019 0.376468 0.416814 0.369204 0.412466 0.370589 0.411219 0.371505 0.412588 0.379856 0.413951 0.383625 0.410514 0.377276 0.406319 0.374349 0.402994 0.378037 0.404247 0.388572 0.408908 0.397379 0.409141 0.399471 0.406099 0.394492 0.404041 0.394436 0.403678 0.400334 0.406315 0.407955 0.407810 0.410421 0.406662 0.410271 0.403402 0.406829 0.400465 0.406290 0.396746 0.419558 0.391471 0.416659 0.390325 0.415607 0.391097 0.396270 0.402536 0.373574 0.451272 0.348294 0.451272 0.348294 0.451272 0.348294 0.451272 0.348294 0.451272 0.348294 0.475612 0.353653 0.476444 0.353702 0.477235 0.353871 0.477996 0.353901 0.478969 0.354106 0.484755 0.354187 0.487139 0.354326 0.482636 0.354602 0.476463 0.356827 0.470203 0.359606 0.467321 0.359326 0.469313 0.354130
1 0.435734 0.375394 0.433196 0.366394 0.435857 0.371659 0.436459 0.372746 0.435734 0.375394
1 0.433196 0.366394 0.433185 0.366372 0.433188 0.366365 0.433196 0.366394
1 0.487512 0.354348 0.487139 0.354326 0.487770 0.354287 0.487770 0.354287 0.487897 0.354308 0.487512 0.354348
1 0.484755 0.354187 0.483777 0.354130 0.485481 0.354197 0.484755 0.354187
1 0.477996 0.353901 0.477275 0.353750 0.483777 0.354130 0.477996 0.353901
1 0.477275 0.353750 0.476444 0.353702 0.451272 0.348294 0.451272 0.348294 0.477275 0.353750
1 0.606044 0.406859 0.606044 0.406859 0.606044 0.406859 0.606044 0.406859
1 0.606044 0.406859 0.603667 0.403502 0.604228 0.404240 0.606044 0.406859
1 0.603667 0.403502 0.603667 0.403502 0.603580 0.403388 0.603580 0.403388 0.603667 0.403502
1 0.603580 0.403388 0.595482 0.392751 0.603580 0.403388 0.603580 0.403388
1 0.514308 0.358259 0.520398 0.356415 0.520399 0.356415 0.520401 0.356414 0.520399 0.356415 0.520451 0.356424 0.535309 0.359444 0.550090 0.361755 0.559926 0.367258 0.562643 0.368776 0.565416 0.370327 0.565387 0.370309 0.567891 0.371707 0.575910 0.376855 0.577397 0.378867 0.578856 0.380838 0.595482 0.392751 0.603580 0.403388 0.605987 0.406783 0.614843 0.420046 0.606044 0.406859 0.612753 0.416539 0.617014 0.422983 0.617139 0.423186 0.600066 0.420726 0.603848 0.410990 0.588514 0.410326 0.581503 0.411780 0.576775 0.408739 0.587185 0.406177 0.585815 0.401074 0.579727 0.399383 0.578262 0.390311 0.567382 0.390786 0.565404 0.396696 0.554951 0.395162 0.562637 0.382964 0.558282 0.379063 0.556117 0.382033 0.549548 0.384539 0.550162 0.377124 0.545954 0.372718 0.541220 0.375121 0.537304 0.372514 0.537488 0.367350 0.532051 0.365491 0.524228 0.374628 0.521533 0.378575 0.517635 0.376835 0.523602 0.369115 0.522310 0.365729 0.513442 0.368925 0.511570 0.365698 0.510588 0.361645 0.509125 0.359745 0.498309 0.359451 0.493261 0.369812 0.492578 0.371906 0.486008 0.374904 0.485882 0.371475 0.491845 0.359302 0.491396 0.356696 0.488544 0.354240 0.487770 0.354287 0.485481 0.354197 0.488544 0.354240 0.491964 0.355854 0.495114 0.355960 0.509732 0.356456 0.514308 0.358259
1 0.565387 0.370309 0.565387 0.370309 0.562643 0.368776 0.550090 0.361755 0.565387 0.370309
1 0.520401 0.356414 0.550090 0.361755 0.550090 0.361755 0.550090 0.361755 0.520451 0.356424 0.520401 0.356414
1 0.487897 0.354308 0.488544 0.354240 0.488521 0.354407 0.487897 0.354308
2 0.445974 0.549811 0.449525 0.515523 0.451602 0.514890 0.456712 0.513023 0.457533 0.512693 0.461421 0.511132 0.468785 0.503484 0.475329 0.499076 0.478356 0.493547 0.478941 0.491404 0.479339 0.487491 0.481676 0.478187 0.487630 0.470291 0.494631 0.466316 0.502488 0.467057 0.509328 0.469365 0.515085 0.471942 0.516594 0.474054 0.531881 0.479510 0.539680 0.477598 0.539680 0.477598 0.539680 0.477598 0.553841 0.482139 0.569541 0.474946 0.600009 0.460987 0.607168 0.451563 0.608045 0.451249 0.615246 0.448557 0.602522 0.444711 0.592317 0.433519 0.598255 0.431382 0.616825 0.436396 0.616901 0.436046 0.605215 0.428936 0.595722 0.426346 0.579159 0.424003 0.577919 0.419914 0.583346 0.417933 0.574668 0.417663 0.579044 0.413321 0.565060 0.414327 0.574461 0.410358 0.573996 0.408825 0.569603 0.409943 0.560317 0.412305 0.562884 0.408624 0.569958 0.404991 0.575123 0.402275 0.579727 0.399383 0.578711 0.398241 0.574339 0.400101 0.567736 0.402910 0.565146 0.402468 0.565709 0.399171 0.565404 0.396696 0.563481 0.396610 0.563027 0.402106 0.560586 0.403628 0.543932 0.404662 0.542525 0.402968 0.544385 0.399166 0.549026 0.397535 0.552328 0.396645 0.547182 0.396978 0.542938 0.397708 0.540704 0.396599 0.540124 0.394319 0.539739 0.392315 0.543013 0.388754 0.549548 0.384539 0.548767 0.383436 0.541876 0.388318 0.539320 0.389093 0.535065 0.392729 0.531481 0.395267 0.527329 0.392620 0.530723 0.388353 0.537344 0.382213 0.541835 0.378618 0.541220 0.375121 0.537304 0.372514 0.537993 0.376993 0.531205 0.385527 0.521483 0.391380 0.515430 0.392770 0.512294 0.391265 0.516004 0.386567 0.518502 0.380451 0.511323 0.388434 0.506769 0.388141 0.505247 0.385700 0.508297 0.379194 0.513442 0.368925 0.511570 0.365698 0.505907 0.377574 0.498057 0.386654 0.494899 0.390961 0.490247 0.385563 0.490069 0.380928 0.492917 0.375599 0.492578 0.371906 0.486008 0.374904 0.483941 0.381336 0.480553 0.384150 0.475608 0.383306 0.473345 0.379528 0.470812 0.364556 0.470203 0.359606 0.466867 0.359278 0.465822 0.365400 0.464874 0.376628 0.462825 0.388636 0.460143 0.391571 0.457800 0.388263 0.458781 0.378253 0.457374 0.376559 0.455014 0.387545 0.448898 0.385047 0.447973 0.370592 0.440111 0.362708 0.439071 0.367377 0.443568 0.372264 0.445975 0.379460 0.446176 0.388217 0.442983 0.391307 0.441019 0.391457 0.437785 0.384847 0.436459 0.372746 0.436459 0.382682 0.438061 0.394587 0.435075 0.404981 0.432273 0.408622 0.429993 0.409202 0.426564 0.402317 0.427408 0.397372 0.424376 0.379650 0.419379 0.372012 0.421481 0.386668 0.423377 0.403954 0.427667 0.411471 0.427363 0.418931 0.415814 0.419867 0.413253 0.422096 0.419852 0.431703 0.417423 0.440255 0.411324 0.443333 0.417216 0.452820 0.422043 0.480921 0.424509 0.494470 0.426961 0.506907 0.431634 0.513943 0.430514 0.517998 0.429210 0.522717 0.430267 0.529683 0.438545 0.543558 0.444952 0.550953 0.445352 0.551391 0.445529 0.551619 0.445974 0.549811
3 0.411324 0.443333 0.413434 0.457278 0.410468 0.469220 0.409551 0.472913 0.410739 0.484840 0.410980 0.490328 0.412417 0.494674 0.413657 0.498429 0.415186 0.503055 0.419581 0.511947 0.424001 0.515285 0.426970 0.522108 0.430267 0.529683 0.429210 0.522717 0.431634 0.513943 0.426961 0.506907 0.417099 0.453757 0.411324 0.443333
5 0.411324 0.443333 0.413531 0.456457 0.410259 0.470062 0.409580 0.471989 0.410188 0.479302 0.410980 0.490328 0.415186 0.503055 0.419581 0.511947 0.424001 0.515285 0.430267 0.529683 0.438545 0.543558 0.445529 0.551619 0.437956 0.553257 0.431906 0.552985 0.429332 0.547182 0.422032 0.534494 0.415329 0.527716 0.403418 0.516353 0.403088 0.516019 0.402949 0.515683 0.398696 0.505552 0.394157 0.494437 0.389162 0.467114 0.390049 0.454666 0.390438 0.447237 0.393336 0.431568 0.397316 0.424219 0.397307 0.421802 0.397161 0.420235 0.396843 0.419211 0.397176 0.418019 0.400465 0.406290 0.403402 0.406829 0.406662 0.410271 0.407810 0.410421 0.406315 0.407955 0.403678 0.400334 0.404041 0.394436 0.406099 0.394492 0.409141 0.399471 0.408908 0.397379 0.404247 0.388572 0.402994 0.378037 0.406319 0.374349 0.410514 0.377276 0.413951 0.383625 0.412588 0.379856 0.411219 0.371505 0.412466 0.370589 0.416814 0.369204 0.420018 0.376464 0.421481 0.386668 0.423377 0.403954 0.427667 0.411471 0.427363 0.418931 0.415814 0.419867 0.413253 0.422096 0.419852 0.431703 0.417423 0.440255 0.411324 0.443333
5 0.421661 0.375499 0.421227 0.365179 0.422833 0.364779 0.427279 0.367923 0.426424 0.364900 0.430208 0.361676 0.432338 0.363350 0.433188 0.366365 0.433185 0.366372 0.433196 0.366394 0.435734 0.375394 0.436459 0.372746 0.436459 0.382682 0.438061 0.394587 0.435075 0.404981 0.432273 0.408622 0.429993 0.409202 0.426564 0.402317 0.427408 0.397372 0.424376 0.379650 0.419379 0.372012 0.421661 0.375499
5 0.445975 0.379460 0.446176 0.388217 0.442983 0.391307 0.441019 0.391457 0.437785 0.384847 0.436459 0.372746 0.435857 0.371659 0.433196 0.366394 0.433188 0.366365 0.434587 0.363393 0.435783 0.363529 0.439071 0.367377 0.443568 0.372264 0.445975 0.379460
5 0.419867 0.375416 0.420019 0.376468 0.420018 0.376464 0.419867 0.375416
5 0.419867 0.375416 0.419395 0.372143 0.419379 0.372012 0.419867 0.375416
5 0.448898 0.385047 0.447973 0.370592 0.448415 0.366094 0.449008 0.363242 0.447639 0.354936 0.454718 0.351707 0.455482 0.358274 0.455674 0.353915 0.458736 0.351726 0.469313 0.354130 0.467322 0.359323 0.466867 0.359278 0.465822 0.365400 0.464874 0.376628 0.462825 0.388636 0.460143 0.391571 0.457800 0.388263 0.458781 0.378253 0.457374 0.376559 0.455014 0.387545 0.448898 0.385047
5 0.439308 0.360935 0.439512 0.359160 0.440932 0.356563 0.444474 0.354449 0.446699 0.355253 0.447234 0.358865 0.447973 0.370592 0.440111 0.362708 0.439308 0.360935
5 0.467321 0.359326 0.467322 0.359323 0.470203 0.359606 0.467321 0.359326
5 0.625700 0.436158 0.628990 0.438181 0.624120 0.447012 0.622101 0.446372 0.615699 0.448521 0.615246 0.448557 0.614267 0.448261 0.602522 0.444711 0.592317 0.433519 0.598255 0.431382 0.609356 0.434489 0.617947 0.436682 0.605215 0.428936 0.595722 0.426346 0.579159 0.424003 0.577919 0.419914 0.583346 0.417933 0.574668 0.417663 0.579044 0.413321 0.565060 0.414327 0.574461 0.410358 0.573996 0.408825 0.560317 0.412305 0.562884 0.408624 0.574570 0.402623 0.579727 0.399383 0.585815 0.401074 0.587185 0.406177 0.576775 0.408739 0.581503 0.411780 0.588514 0.410326 0.603848 0.410990 0.600066 0.420726 0.616606 0.423111 0.617301 0.423434 0.625700 0.436158
5 0.567736 0.402910 0.565146 0.402468 0.565709 0.399171 0.565404 0.396696 0.567382 0.390786 0.578262 0.390311 0.579727 0.399383 0.578711 0.398241 0.567736 0.402910
5 0.547182 0.396978 0.542938 0.397708 0.540704 0.396599 0.540124 0.394319 0.539739 0.392315 0.543013 0.388754 0.549548 0.384539 0.556117 0.382033 0.558282 0.379063 0.562637 0.382964 0.554951 0.395162 0.565404 0.396696 0.563481 0.396610 0.563027 0.402106 0.560586 0.403628 0.550060 0.404254 0.543932 0.404662 0.542525 0.402968 0.544385 0.399166 0.549026 0.397535 0.552328 0.396645 0.547182 0.396978
5 0.541220 0.375121 0.545954 0.372718 0.550162 0.377124 0.549548 0.384539 0.548767 0.383436 0.541876 0.388318 0.539320 0.389093 0.535065 0.392729 0.531481 0.395267 0.527329 0.392620 0.530723 0.388353 0.537344 0.382213 0.541835 0.378618 0.541220 0.375121
5 0.532051 0.365491 0.537488 0.367350 0.537304 0.372514 0.537993 0.376993 0.531205 0.385527 0.521483 0.391380 0.515430 0.392770 0.512294 0.391265 0.516004 0.386567 0.518502 0.380451 0.511323 0.388434 0.506769 0.388141 0.505652 0.386345 0.505247 0.385700 0.508297 0.379194 0.513442 0.368925 0.522310 0.365729 0.523602 0.369115 0.517635 0.376835 0.521533 0.378575 0.524228 0.374628 0.532051 0.365491
5 0.509125 0.359745 0.510588 0.361645 0.511570 0.365698 0.505907 0.377574 0.498057 0.386654 0.494899 0.390961 0.490247 0.385563 0.490069 0.380928 0.492917 0.375599 0.492578 0.371906 0.493261 0.369812 0.498309 0.359451 0.509125 0.359745
5 0.491845 0.359302 0.485882 0.371475 0.486008 0.374904 0.483941 0.381336 0.480553 0.384150 0.475608 0.383306 0.473345 0.379528 0.470812 0.364556 0.470203 0.359606 0.476463 0.356827 0.482636 0.354602 0.488544 0.354240 0.491396 0.356696 0.491845 0.359302
7 0.390285 0.570323 0.389002 0.572930 0.388553 0.573449 0.387443 0.574184 0.387246 0.574892 0.385817 0.575678 0.385133 0.575826 0.384324 0.576309 0.382386 0.576789 0.381725 0.576714 0.381143 0.576622 0.379977 0.576665 0.376007 0.577343 0.371361 0.575899 0.366744 0.574202 0.365014 0.573293 0.364192 0.572517 0.360486 0.571028 0.357430 0.569053 0.356728 0.568244 0.354081 0.566846 0.353226 0.566268 0.352481 0.565664 0.351603 0.565082 0.349824 0.564150 0.346035 0.560573 0.342022 0.556442 0.339938 0.554102 0.337612 0.551668 0.334788 0.547718 0.334443 0.547076 0.332783 0.545180 0.332386 0.544620 0.331424 0.544047 0.330402 0.542358 0.330114 0.542040 0.328378 0.539710 0.327893 0.538928 0.327822 0.538813 0.321433 0.526764 0.319462 0.522248 0.318165 0.518089 0.316019 0.513671 0.314706 0.507700 0.313339 0.503021 0.312193 0.497623 0.309292 0.481810 0.308411 0.470497 0.307463 0.466821 0.307833 0.461818 0.308671 0.457259 0.308953 0.454498 0.309136 0.450765 0.310074 0.445761 0.312094 0.441380 0.312627 0.439010 0.314457 0.434234 0.315641 0.432755 0.316360 0.431250 0.317649 0.429728 0.317989 0.429157 0.318576 0.428424 0.319578 0.427172 0.320004 0.426450 0.320820 0.425968 0.323951 0.423557 0.324841 0.423133 0.326842 0.422945 0.327706 0.423115 0.329755 0.423980 0.333250 0.426394 0.334161 0.427178 0.335291 0.427704 0.335741 0.427970 0.335962 0.428237 0.337370 0.429161 0.338770 0.430571 0.339862 0.431629 0.340467 0.432626 0.341972 0.434757 0.342664 0.435541 0.344288 0.437958 0.345674 0.441200 0.345959 0.441912 0.347829 0.445970 0.348946 0.449477 0.349454 0.451009 0.351050 0.456285 0.351092 0.458438 0.351696 0.462148 0.351728 0.462359 0.351885 0.463985 0.352471 0.468644 0.352968 0.471113 0.353177 0.473492 0.353223 0.474005 0.353542 0.476196 0.354008 0.478977 0.354720 0.482600 0.355249 0.484601 0.356747 0.489967 0.358541 0.496364 0.359709 0.498778 0.360698 0.501409 0.361583 0.503179 0.362496 0.506105 0.362837 0.506889 0.363790 0.509709 0.367143 0.516538 0.368046 0.518530 0.370149 0.522368 0.370783 0.523715 0.373136 0.525443 0.374332 0.527132 0.374853 0.529182 0.375707 0.530259 0.377036 0.533250 0.380033 0.537964 0.382783 0.542439 0.385502 0.547227 0.387198 0.551084 0.388615 0.555384 0.389531 0.559554 0.390058 0.562544 0.390285 0.570323
8 0.450459 0.556874 0.447203 0.555896 0.445006 0.553742 0.445974 0.549811 0.448994 0.520763 0.449525 0.515523 0.450946 0.515129 0.456712 0.513023 0.458754 0.515402 0.459248 0.519606 0.460330 0.523910 0.460072 0.529682 0.460526 0.539089 0.459427 0.544111 0.456424 0.552662 0.454715 0.555118 0.453548 0.555767 0.450459 0.556874
9 0.394828 0.559343 0.392920 0.551824 0.391153 0.545350 0.386873 0.537170 0.383419 0.531055 0.382855 0.528020 0.383121 0.527811 0.382694 0.526658 0.382096 0.526379 0.381790 0.526500 0.380814 0.524985 0.380404 0.523132 0.379251 0.521610 0.377996 0.519073 0.377031 0.516930 0.376638 0.515739 0.375636 0.513730 0.371743 0.502155 0.370428 0.498900 0.370143 0.497442 0.368835 0.490987 0.368164 0.485517 0.366249 0.475025 0.364322 0.467076 0.362211 0.459080 0.358316 0.449878 0.351257 0.440746 0.345656 0.431906 0.336150 0.423356 0.330110 0.415396 0.327302 0.410311 0.325452 0.403028 0.321514 0.391029 0.321207 0.384526 0.328138 0.376816 0.333588 0.369165 0.332511 0.365339 0.331443 0.362219 0.330161 0.359167 0.330720 0.352304 0.337644 0.342634 0.348181 0.336481 0.360938 0.327647 0.372464 0.318964 0.384581 0.313686 0.400307 0.301123 0.410924 0.303335 0.423839 0.301237 0.425664 0.302861 0.432651 0.301884 0.434213 0.300429 0.436456 0.300331 0.441072 0.298741 0.446587 0.300172 0.448905 0.300692 0.453118 0.301894 0.451841 0.300060 0.455442 0.297106 0.462427 0.298281 0.463264 0.299474 0.472164 0.299609 0.479714 0.300569 0.481103 0.302803 0.484103 0.306224 0.484402 0.307597 0.487809 0.308709 0.492956 0.309391 0.497637 0.310558 0.508982 0.311162 0.514149 0.314474 0.518268 0.317879 0.523381 0.318898 0.524427 0.319856 0.524663 0.318698 0.528746 0.320192 0.534147 0.323832 0.538945 0.324195 0.547881 0.326403 0.557140 0.330348 0.563772 0.329642 0.563747 0.330536 0.566017 0.334422 0.570267 0.336184 0.570569 0.338706 0.571974 0.340222 0.572904 0.343045 0.577260 0.348592 0.579363 0.349647 0.582084 0.350627 0.584492 0.352100 0.588364 0.357308 0.593958 0.361653 0.596835 0.364013 0.602815 0.367764 0.607404 0.369905 0.611448 0.372692 0.616812 0.377239 0.623501 0.382498 0.626724 0.382930 0.628919 0.386085 0.630567 0.386587 0.634316 0.390295 0.637977 0.391873 0.637998 0.391917 0.651706 0.417092 0.650333 0.429394 0.648984 0.455275 0.643448 0.450267 0.632451 0.440317 0.625701 0.436158 0.612753 0.416535 0.604227 0.404238 0.595486 0.392750 0.578856 0.380838 0.575908 0.376855 0.567887 0.371708 0.557546 0.365927 0.550090 0.361758 0.535307 0.359442 0.520398 0.356415 0.514310 0.358260 0.509736 0.356453 0.491966 0.355853 0.488521 0.354407 0.475611 0.353654 0.451275 0.348292 0.402535 0.373577 0.391099 0.396267 0.390326 0.415608 0.391378 0.416573 0.391483 0.416639 0.392140 0.417026 0.396746 0.419558 0.392337 0.423712 0.386493 0.442666 0.385891 0.446374 0.385580 0.448014 0.383509 0.468202 0.384913 0.480574 0.387870 0.489961 0.398692 0.505553 0.408108 0.527973 0.415656 0.534336 0.419889 0.552322 0.425641 0.557487 0.407368 0.561281 0.395767 0.563746 0.394828 0.559343
11 0.440801 0.564497 0.439429 0.560279 0.436135 0.559072 0.435070 0.558885 0.434715 0.558823 0.431906 0.552985 0.437956 0.553257 0.441436 0.552504 0.445525 0.551636 0.445006 0.553742 0.447203 0.555896 0.450455 0.556876 0.453552 0.555769 0.454715 0.555120 0.456422 0.552662 0.459427 0.544111 0.463750 0.545648 0.469140 0.549954 0.472358 0.553818 0.474183 0.557264 0.476708 0.564386 0.476856 0.566412 0.477347 0.572128 0.476573 0.575956 0.473817 0.580457 0.470455 0.584151 0.465658 0.587679 0.447787 0.582220 0.447741 0.582190 0.447733 0.582206 0.445229 0.581714 0.443656 0.580516 0.441304 0.576457 0.437620 0.575652 0.434922 0.575047 0.432786 0.573125 0.433028 0.571058 0.434008 0.569517 0.436520 0.568200 0.438052 0.567397 0.439064 0.566866 0.440801 0.564497
12 0.350378 0.518240 0.351225 0.523367 0.349251 0.524171 0.346960 0.523172 0.344556 0.521795 0.340926 0.515058 0.338284 0.510440 0.335914 0.505476 0.335125 0.498385 0.335860 0.491180 0.337228 0.487486 0.338534 0.487811 0.340760 0.492782 0.341964 0.498419 0.344104 0.498431 0.344780 0.497291 0.345175 0.495155 0.345072 0.492822 0.344762 0.489467 0.343961 0.486079 0.343325 0.482738 0.342093 0.479423 0.340205 0.474507 0.337311 0.467461 0.335797 0.462691 0.334402 0.458133 0.334160 0.455101 0.332626 0.452820 0.330673 0.452906 0.328663 0.454136 0.327555 0.456141 0.325953 0.459254 0.325141 0.463039 0.324971 0.466579 0.324141 0.468582 0.323652 0.468699 0.320047 0.469562 0.318904 0.469835 0.319508 0.467304 0.318904 0.469833 0.318904 0.469835 0.318902 0.469835 0.318866 0.469843 0.318830 0.469852 0.318613 0.469906 0.317104 0.470264 0.317102 0.470265 0.317102 0.470264 0.317104 0.470253 0.317107 0.470238 0.318318 0.464229 0.317136 0.470089 0.317106 0.470239 0.317104 0.470254 0.317067 0.470270 0.314385 0.470524 0.314327 0.470530 0.314323 0.470510 0.314369 0.469128 0.315346 0.455331 0.317173 0.448623 0.322562 0.438654 0.327774 0.437226 0.330438 0.438522 0.335187 0.442770 0.338535 0.449264 0.338534 0.449265 0.338537 0.449271 0.339761 0.451646 0.345485 0.472200 0.345486 0.472200 0.345486 0.472200 0.345486 0.472200 0.346052 0.474234 0.350997 0.493267 0.357704 0.507712 0.357705 0.507712 0.357707 0.507717 0.359651 0.511904 0.364213 0.519202 0.370676 0.528261 0.369618 0.528982 0.370678 0.528265 0.374112 0.533076 0.380854 0.542648 0.383578 0.549050 0.384935 0.555074 0.385015 0.555754 0.380186 0.555119 0.380177 0.555118 0.376510 0.554474 0.376480 0.554469 0.376481 0.554464 0.376479 0.554468 0.367571 0.550839 0.369760 0.547482 0.370351 0.544848 0.369312 0.540981 0.365567 0.531201 0.361111 0.524256 0.358936 0.520494 0.356323 0.516696 0.353832 0.513165 0.352484 0.510941 0.349398 0.505767 0.348267 0.503534 0.346538 0.502523 0.345000 0.500906 0.344165 0.499818 0.344184 0.500245 0.341649 0.502412 0.345860 0.512269 0.350378 0.518240
22 0.393686 0.572569 0.392976 0.570691 0.392181 0.568253 0.392027 0.564895 0.390775 0.561228 0.389693 0.554811 0.388745 0.552282 0.387323 0.547905 0.386130 0.545438 0.383128 0.541082 0.380902 0.536810 0.379221 0.534590 0.377913 0.532314 0.377256 0.531172 0.375780 0.528608 0.375434 0.528324 0.374332 0.527132 0.373136 0.525443 0.371287 0.521372 0.368445 0.512466 0.364996 0.505698 0.361737 0.498175 0.361100 0.493038 0.355402 0.478665 0.353703 0.470467 0.352734 0.461471 0.356319 0.457873 0.351749 0.454124 0.347681 0.442465 0.344739 0.436632 0.339769 0.429907 0.331654 0.423857 0.326960 0.421541 0.322041 0.421610 0.317400 0.426088 0.312065 0.432144 0.312151 0.435188 0.307121 0.443719 0.307138 0.454263 0.306739 0.459295 0.306019 0.461623 0.305528 0.464497 0.305911 0.471743 0.305623 0.480175 0.307675 0.492642 0.309603 0.496606 0.311571 0.513116 0.316625 0.528579 0.320692 0.530303 0.322807 0.534691 0.327348 0.540502 0.328311 0.541763 0.328622 0.542169 0.329350 0.543110 0.329490 0.543308 0.330883 0.545128 0.332585 0.546873 0.335936 0.551019 0.340888 0.557498 0.343040 0.559441 0.349445 0.565066 0.358006 0.570779 0.364961 0.574753 0.369165 0.576743 0.373479 0.578085 0.374421 0.578246 0.376203 0.579520 0.381547 0.578736 0.387346 0.577060 0.390399 0.574431 0.391953 0.576332 0.395225 0.575618 0.392862 0.579879 0.387181 0.581575 0.376153 0.582298 0.369011 0.578353 0.362507 0.574577 0.357511 0.571907 0.356100 0.571302 0.353195 0.568444 0.347721 0.565025 0.341438 0.559955 0.336957 0.556040 0.335117 0.555097 0.334941 0.554671 0.332604 0.552086 0.323228 0.539581 0.322720 0.541493 0.320171 0.540132 0.319573 0.539717 0.319199 0.538953 0.318499 0.538128 0.317124 0.536803 0.316595 0.536638 0.314466 0.534806 0.314314 0.534588 0.314180 0.533674 0.312290 0.529838 0.308391 0.528103 0.306196 0.526859 0.303146 0.523431 0.301871 0.523406 0.299635 0.521347 0.296962 0.518135 0.286605 0.510672 0.286505 0.503446 0.285479 0.499878 0.281219 0.494668 0.279554 0.496640 0.276369 0.497172 0.270866 0.493567 0.266417 0.478814 0.265445 0.471378 0.265828 0.456359 0.264628 0.449551 0.260312 0.441121 0.262565 0.432650 0.258746 0.429707 0.256121 0.425282 0.248761 0.432485 0.246890 0.423927 0.248093 0.415106 0.255854 0.411160 0.254181 0.404635 0.260336 0.397325 0.266373 0.389996 0.274442 0.377864 0.281182 0.371381 0.291602 0.365345 0.303754 0.363361 0.296691 0.382184 0.312363 0.371131 0.318770 0.377252 0.321299 0.378048 0.322128 0.379582 0.322208 0.381595 0.321337 0.383506 0.320391 0.384435 0.320847 0.390931 0.318255 0.398451 0.325642 0.407262 0.328447 0.415313 0.330821 0.418444 0.333747 0.420822 0.334624 0.422425 0.336257 0.424219 0.336852 0.424987 0.339527 0.426352 0.343536 0.430550 0.346097 0.433289 0.351800 0.443531 0.353961 0.448262 0.358205 0.454984 0.361796 0.458081 0.363733 0.464833 0.365676 0.477584 0.367733 0.496412 0.369797 0.500641 0.375024 0.517224 0.383363 0.536155 0.392825 0.556671 0.394844 0.572524 0.393686 0.572569
23 0.364961 0.574753 0.358006 0.570779 0.349448 0.565063 0.343040 0.559441 0.340888 0.557498 0.339265 0.555381 0.335936 0.551019 0.332585 0.546873 0.330883 0.545128 0.329490 0.543308 0.329350 0.543110 0.328625 0.542168 0.328307 0.541765 0.327349 0.540504 0.322805 0.534693 0.320692 0.530303 0.316625 0.528579 0.311571 0.513116 0.309603 0.496606 0.307675 0.492642 0.305623 0.480175 0.305911 0.471743 0.305528 0.464497 0.306018 0.461622 0.306742 0.459292 0.307138 0.454263 0.307121 0.443719 0.312151 0.435188 0.312065 0.432144 0.317400 0.426088 0.322041 0.421610 0.326960 0.421541 0.331654 0.423857 0.339769 0.429907 0.344739 0.436632 0.347681 0.442465 0.351749 0.454124 0.352752 0.454947 0.356319 0.457873 0.352736 0.461472 0.353700 0.470466 0.355405 0.478662 0.361100 0.493038 0.361737 0.498175 0.364996 0.505698 0.368445 0.512466 0.371287 0.521372 0.373136 0.525443 0.371345 0.524128 0.371376 0.523935 0.370998 0.522352 0.368665 0.518985 0.367594 0.516743 0.363951 0.508947 0.362815 0.506053 0.362741 0.505720 0.361912 0.503194 0.360908 0.501415 0.360030 0.498435 0.359129 0.496644 0.357126 0.490265 0.356419 0.487247 0.354984 0.482725 0.354209 0.478789 0.353445 0.473645 0.353343 0.471991 0.353222 0.470957 0.353193 0.470802 0.352002 0.462225 0.351516 0.458325 0.351571 0.456055 0.349469 0.449737 0.348188 0.445618 0.346436 0.441949 0.346206 0.441039 0.344788 0.438079 0.342646 0.434699 0.340782 0.432397 0.340036 0.430986 0.338943 0.430129 0.337053 0.428398 0.336482 0.427810 0.335817 0.427451 0.335713 0.427373 0.334999 0.426972 0.331807 0.424557 0.330491 0.423704 0.328634 0.422736 0.327237 0.422096 0.325844 0.422138 0.324147 0.422409 0.321668 0.424152 0.319459 0.425251 0.318747 0.426356 0.318582 0.426616 0.318052 0.427283 0.317899 0.427469 0.317658 0.427768 0.316859 0.428768 0.316860 0.428760 0.316608 0.429088 0.315636 0.430301 0.315240 0.430801 0.315203 0.430840 0.315173 0.430880 0.313932 0.432433 0.313249 0.433634 0.312912 0.434235 0.312690 0.435136 0.312712 0.435140 0.311807 0.438181 0.310930 0.440122 0.309600 0.443037 0.309586 0.443073 0.309381 0.443522 0.308871 0.444647 0.308040 0.449556 0.307874 0.450527 0.307525 0.451462 0.307393 0.454057 0.307276 0.454431 0.307505 0.456681 0.307223 0.459442 0.306376 0.461168 0.306315 0.461923 0.306315 0.462059 0.306312 0.462255 0.305833 0.464304 0.306146 0.468699 0.307192 0.481171 0.307212 0.481414 0.307117 0.483166 0.310729 0.497638 0.311187 0.500723 0.311225 0.500987 0.311640 0.502375 0.312003 0.503619 0.312220 0.504345 0.314156 0.512164 0.315956 0.516614 0.316527 0.517840 0.316672 0.518145 0.316699 0.518210 0.316703 0.518226 0.319922 0.525855 0.320208 0.526533 0.320543 0.527143 0.320862 0.527667 0.325209 0.535428 0.325550 0.536577 0.326327 0.537712 0.326444 0.537927 0.326904 0.538770 0.327163 0.539547 0.328570 0.540977 0.329727 0.542725 0.329909 0.542998 0.330358 0.544023 0.330453 0.544240 0.335540 0.550277 0.336882 0.551953 0.337725 0.552960 0.337872 0.553133 0.337895 0.553161 0.337900 0.553167 0.340512 0.556283 0.341659 0.557327 0.342291 0.558063 0.343307 0.559251 0.350072 0.565003 0.355694 0.568446 0.357605 0.569984 0.358574 0.570513 0.358848 0.570817 0.361425 0.572491 0.363073 0.573303 0.363832 0.573652 0.365667 0.574919 0.366513 0.575291 0.369125 0.576403 0.371469 0.577220 0.375693 0.578471 0.381514 0.577420 0.382432 0.577766 0.383469 0.577678 0.385299 0.576847 0.387108 0.576103 0.388049 0.575734 0.388608 0.574723 0.388743 0.574330 0.388897 0.573962 0.390399 0.574431 0.387346 0.577060 0.381547 0.578736 0.376203 0.579520 0.374421 0.578246 0.373479 0.578085 0.369165 0.576743 0.364961 0.574753
23 0.388818 0.582718 0.384770 0.583140 0.384297 0.583120 0.379113 0.582970 0.373431 0.582098 0.373153 0.581952 0.372685 0.581850 0.370148 0.580697 0.365629 0.577760 0.363891 0.576630 0.362922 0.576321 0.361589 0.575745 0.358207 0.573555 0.355417 0.571753 0.354778 0.571281 0.352643 0.569372 0.349154 0.566966 0.346960 0.565668 0.346498 0.565400 0.337518 0.557453 0.335857 0.556359 0.334789 0.555609 0.333210 0.553855 0.332144 0.553090 0.331028 0.551643 0.330125 0.550459 0.324443 0.545150 0.319848 0.540352 0.318242 0.538404 0.316466 0.536920 0.314709 0.535454 0.314001 0.534856 0.311778 0.532575 0.310825 0.531368 0.309166 0.529865 0.308817 0.529957 0.308507 0.530442 0.307611 0.530546 0.307087 0.529669 0.305999 0.528764 0.305476 0.527880 0.304475 0.527444 0.303148 0.527324 0.302824 0.526382 0.303538 0.525391 0.303664 0.525011 0.302519 0.524354 0.299972 0.522374 0.297078 0.520426 0.295292 0.519046 0.293554 0.517871 0.293154 0.517689 0.292648 0.517459 0.291888 0.517208 0.291040 0.516276 0.290933 0.516280 0.290744 0.516589 0.290743 0.516596 0.290791 0.516756 0.290822 0.516844 0.290808 0.517099 0.290801 0.517098 0.290756 0.517098 0.289868 0.517106 0.289456 0.517035 0.289208 0.516402 0.289077 0.516062 0.289009 0.516020 0.289004 0.516004 0.289154 0.515613 0.288525 0.515127 0.287817 0.514749 0.286665 0.513643 0.284775 0.513184 0.284239 0.512245 0.284255 0.511528 0.283053 0.510717 0.281827 0.508804 0.280938 0.507978 0.280638 0.507700 0.280488 0.507243 0.280262 0.507416 0.280299 0.507998 0.280290 0.508004 0.279678 0.508263 0.278314 0.507159 0.278277 0.506176 0.276252 0.504687 0.274772 0.504177 0.272611 0.501620 0.270017 0.499473 0.266833 0.496120 0.266973 0.495697 0.266544 0.495775 0.266494 0.496335 0.265654 0.496638 0.265344 0.495881 0.265636 0.495015 0.265577 0.494649 0.264949 0.494602 0.264270 0.494986 0.263362 0.494361 0.263464 0.493940 0.262030 0.492317 0.259483 0.489004 0.258592 0.487928 0.257577 0.487263 0.257404 0.486900 0.257148 0.486667 0.256752 0.486683 0.256642 0.485998 0.254384 0.484317 0.253974 0.482907 0.252551 0.480332 0.251555 0.478935 0.250792 0.477904 0.250434 0.477426 0.249948 0.477699 0.249954 0.477708 0.249932 0.477704 0.248965 0.478137 0.248054 0.477436 0.248323 0.476573 0.248349 0.476555 0.249160 0.476103 0.249519 0.476134 0.248494 0.474816 0.248017 0.474106 0.247940 0.473759 0.244298 0.464929 0.242563 0.464799 0.243776 0.464749 0.243475 0.463228 0.241544 0.456485 0.241405 0.455613 0.241282 0.454827 0.241277 0.454766 0.241001 0.451591 0.241140 0.450290 0.239921 0.450824 0.239814 0.449586 0.240733 0.448728 0.240871 0.447434 0.238974 0.447807 0.241267 0.445556 0.241345 0.437512 0.240585 0.436686 0.241255 0.435558 0.241860 0.428596 0.248816 0.410557 0.253236 0.402232 0.258548 0.396975 0.266362 0.385140 0.266816 0.383544 0.270212 0.380239 0.270959 0.378655 0.275441 0.375157 0.276916 0.371797 0.280394 0.369346 0.280540 0.369242 0.280545 0.369206 0.280545 0.369203 0.280570 0.369020 0.280830 0.367103 0.281321 0.367020 0.281974 0.365723 0.284049 0.364525 0.284034 0.364258 0.283341 0.364321 0.283973 0.363460 0.284563 0.364795 0.288695 0.362282 0.289467 0.360687 0.289642 0.359884 0.290453 0.358417 0.295076 0.357018 0.299591 0.356387 0.302497 0.354975 0.302026 0.356538 0.303876 0.356437 0.307112 0.355536 0.311582 0.356057 0.313323 0.355968 0.314316 0.355168 0.316421 0.354944 0.317975 0.355823 0.318047 0.357751 0.319148 0.359597 0.323073 0.365174 0.323814 0.365710 0.322854 0.369870 0.322782 0.373795 0.322871 0.374696 0.322818 0.378913 0.323018 0.379515 0.323649 0.381803 0.323059 0.382467 0.322303 0.383300 0.321208 0.384529 0.321515 0.391026 0.325456 0.403027 0.327302 0.410309 0.330106 0.415399 0.336154 0.423353 0.339436 0.426306 0.336852 0.424987 0.336257 0.424219 0.334624 0.422425 0.333747 0.420822 0.330821 0.418444 0.328447 0.415313 0.325642 0.407262 0.322874 0.403957 0.318256 0.398451 0.320849 0.390935 0.320391 0.384435 0.321337 0.383506 0.322208 0.381595 0.322128 0.379582 0.321299 0.378048 0.318770 0.377252 0.312363 0.371131 0.296694 0.382185 0.303754 0.363361 0.291602 0.365345 0.281182 0.371381 0.274442 0.377864 0.266373 0.389996 0.260336 0.397325 0.254181 0.404635 0.255854 0.411160 0.248093 0.415106 0.246890 0.423927 0.248761 0.432485 0.256124 0.425284 0.258746 0.429707 0.262567 0.432653 0.260312 0.441121 0.264628 0.449551 0.265828 0.456359 0.265470 0.470345 0.265445 0.471378 0.266417 0.478814 0.270866 0.493567 0.276369 0.497172 0.279557 0.496641 0.281219 0.494668 0.285479 0.499878 0.286505 0.503446 0.286605 0.510672 0.296962 0.518135 0.299632 0.521347 0.301871 0.523403 0.303146 0.523431 0.306196 0.526859 0.308391 0.528105 0.312290 0.529838 0.314180 0.533674 0.314311 0.534590 0.314464 0.534806 0.316597 0.536639 0.317121 0.536804 0.318500 0.538130 0.319200 0.538954 0.319570 0.539714 0.320173 0.540135 0.322720 0.541493 0.323228 0.539581 0.332604 0.552086 0.334941 0.554673 0.335119 0.555097 0.336957 0.556040 0.341438 0.559955 0.347721 0.565025 0.353195 0.568444 0.356100 0.571302 0.357511 0.571907 0.362507 0.574577 0.369011 0.578353 0.376153 0.582298 0.387181 0.581575 0.392862 0.579879 0.394766 0.576441 0.395225 0.575618 0.394816 0.575707 0.391953 0.576332 0.390399 0.574431 0.390613 0.573816 0.391962 0.572683 0.392990 0.572629 0.390936 0.561698 0.392027 0.564895 0.392181 0.568253 0.392976 0.570691 0.393686 0.572569 0.394844 0.572524 0.392825 0.556671 0.383363 0.536155 0.375024 0.517224 0.369797 0.500641 0.367733 0.496412 0.365676 0.477584 0.363742 0.464887 0.364320 0.467076 0.366249 0.475023 0.368161 0.485520 0.368833 0.490988 0.370146 0.497444 0.370428 0.498901 0.371743 0.502155 0.375635 0.513731 0.376640 0.515743 0.377028 0.516930 0.377995 0.519071 0.379250 0.521610 0.380406 0.523133 0.380818 0.524982 0.381792 0.526504 0.382093 0.526382 0.382697 0.526659 0.383121 0.527814 0.382859 0.528019 0.383416 0.531052 0.386870 0.537170 0.391153 0.545352 0.392918 0.551825 0.394830 0.559346 0.395306 0.561570 0.395473 0.562363 0.395767 0.563746 0.395772 0.563762 0.396005 0.565415 0.396143 0.566559 0.398530 0.575508 0.398529 0.576182 0.398524 0.576916 0.398523 0.577370 0.397027 0.579303 0.393300 0.581393 0.393167 0.581461 0.392324 0.581923 0.390648 0.582379 0.388818 0.582718
23 0.363656 0.464565 0.363733 0.464833 0.363742 0.464887 0.363656 0.464565
23 0.361820 0.458162 0.362208 0.459083 0.363656 0.464565 0.361820 0.458162
23 0.361779 0.458066 0.361796 0.458081 0.361820 0.458162 0.361779 0.458066
23 0.353961 0.448262 0.351800 0.443531 0.346097 0.433289 0.343536 0.430550 0.339767 0.426603 0.345660 0.431904 0.351254 0.440742 0.358320 0.449877 0.361779 0.458066 0.358205 0.454984 0.353961 0.448262
23 0.339436 0.426306 0.339527 0.426352 0.339767 0.426603 0.339436 0.426306
23 0.390775 0.561228 0.389690 0.554811 0.389776 0.555320 0.390159 0.557564 0.390936 0.561698 0.390775 0.561228
23 0.388431 0.551315 0.389690 0.554811 0.388744 0.552279 0.388431 0.551315
23 0.388431 0.551315 0.387323 0.547905 0.386234 0.545653 0.387325 0.547902 0.388431 0.551315 0.388431 0.551315
23 0.386234 0.545653 0.386132 0.545442 0.383128 0.541082 0.386130 0.545438 0.386234 0.545653
23 0.379223 0.534592 0.377915 0.532317 0.375777 0.528605 0.380976 0.536768 0.383128 0.541082 0.380904 0.536810 0.379223 0.534592
23 0.373136 0.525443 0.374332 0.527132 0.375777 0.528605 0.375431 0.528326 0.374332 0.527132 0.373136 0.525443
23 0.578580 0.344156 0.578597 0.344173 0.579335 0.344921 0.580704 0.345777 0.580720 0.345787 0.582983 0.347208 0.585052 0.348403 0.587140 0.348640 0.589534 0.349730 0.591499 0.350929 0.593957 0.352449 0.594502 0.352683 0.594777 0.352801 0.594779 0.352804 0.594871 0.352942 0.595147 0.353195 0.597050 0.354938 0.600141 0.357253 0.602295 0.358652 0.604736 0.360040 0.604761 0.360056 0.604816 0.360096 0.609552 0.363592 0.611882 0.364925 0.612645 0.367342 0.614718 0.368267 0.616080 0.369343 0.617578 0.370771 0.619908 0.372104 0.622450 0.372829 0.625022 0.374210 0.626488 0.376298 0.627537 0.378404 0.629151 0.379767 0.631748 0.381745 0.635888 0.387541 0.637971 0.391862 0.637977 0.391873 0.637977 0.391873 0.637947 0.391860 0.634316 0.390295 0.630567 0.386587 0.628919 0.386085 0.626724 0.382930 0.623501 0.382498 0.616812 0.377239 0.611448 0.372693 0.607404 0.369905 0.602815 0.367763 0.596836 0.364013 0.593958 0.361653 0.588363 0.357308 0.584492 0.352100 0.582084 0.350628 0.579363 0.349647 0.577260 0.348592 0.575599 0.346477 0.575585 0.346459 0.575571 0.346441 0.575587 0.346429 0.578551 0.344178 0.578580 0.344156
24 0.316559 0.627094 0.316220 0.627301 0.315716 0.626617 0.314488 0.626006 0.313768 0.626451 0.312488 0.626278 0.311548 0.625481 0.308310 0.624179 0.307839 0.623652 0.307061 0.623330 0.305955 0.623156 0.305450 0.622653 0.305802 0.622145 0.305922 0.622196 0.313447 0.625268 0.316057 0.626569 0.317565 0.627319 0.316822 0.627593 0.316559 0.627094
24 0.278914 0.609582 0.278795 0.608948 0.277389 0.608663 0.276823 0.608657 0.275878 0.607981 0.276373 0.607611 0.274930 0.607190 0.269417 0.603728 0.266991 0.601837 0.266268 0.600929 0.259684 0.597646 0.260537 0.596972 0.256980 0.594789 0.256914 0.594635 0.256459 0.594776 0.255310 0.593391 0.251487 0.590414 0.249865 0.588600 0.249550 0.588940 0.248546 0.588609 0.247228 0.587506 0.246795 0.586622 0.246444 0.586509 0.246485 0.587243 0.246001 0.586751 0.245927 0.586163 0.248341 0.587196 0.245518 0.585987 0.241254 0.581867 0.240842 0.583213 0.233182 0.578626 0.221067 0.570500 0.200283 0.558062 0.196115 0.555775 0.195351 0.554706 0.195111 0.555627 0.194613 0.556367 0.193113 0.553756 0.192654 0.552095 0.191092 0.551351 0.191535 0.553729 0.189325 0.552435 0.188109 0.550865 0.186921 0.548905 0.186705 0.547952 0.187859 0.548558 0.190319 0.549849 0.180590 0.544735 0.167360 0.538842 0.162474 0.535524 0.162854 0.534490 0.158031 0.532100 0.157950 0.532077 0.157066 0.532822 0.155296 0.532661 0.151832 0.530855 0.150690 0.530170 0.147715 0.528448 0.147467 0.528235 0.146755 0.527855 0.123925 0.514303 0.123176 0.512701 0.112324 0.504780 0.102355 0.498992 0.086338 0.484094 0.080995 0.476004 0.074478 0.468646 0.069220 0.460055 0.064581 0.451388 0.062883 0.448917 0.061008 0.446416 0.058098 0.437196 0.053237 0.430187 0.053785 0.419727 0.063709 0.411074 0.063981 0.406638 0.064560 0.401829 0.064654 0.397726 0.065181 0.393575 0.066035 0.391056 0.066530 0.387445 0.067026 0.383033 0.072434 0.370049 0.073540 0.368685 0.073789 0.368569 0.073200 0.367744 0.079288 0.356447 0.086963 0.346899 0.087175 0.346635 0.089489 0.343821 0.092107 0.340837 0.098654 0.333673 0.119453 0.315104 0.129720 0.309453 0.132369 0.308357 0.134731 0.308027 0.146877 0.298394 0.147745 0.298458 0.148607 0.299135 0.162728 0.279002 0.163563 0.278663 0.164315 0.277513 0.166421 0.276403 0.169427 0.274804 0.175065 0.272317 0.175774 0.273152 0.175974 0.273047 0.179077 0.270885 0.180847 0.269652 0.179020 0.270925 0.179003 0.270822 0.178452 0.269823 0.180147 0.268612 0.181020 0.269532 0.180986 0.269555 0.181020 0.269532 0.181593 0.269339 0.188147 0.267129 0.194601 0.264909 0.196930 0.263492 0.202971 0.260713 0.205544 0.258190 0.209055 0.257558 0.213848 0.257309 0.214909 0.255325 0.224230 0.249547 0.238095 0.243350 0.262578 0.233717 0.289406 0.224545 0.299334 0.221394 0.300500 0.222017 0.301277 0.221757 0.305065 0.220464 0.305243 0.219070 0.310373 0.217765 0.310792 0.218503 0.310948 0.218456 0.311155 0.218385 0.312135 0.218098 0.312389 0.216958 0.322770 0.213278 0.330766 0.212220 0.334318 0.210221 0.368514 0.202246 0.378802 0.199822 0.402059 0.194887 0.424992 0.192562 0.455113 0.192130 0.472504 0.191040 0.496799 0.191734 0.503681 0.191879 0.520823 0.194018 0.522144 0.195152 0.520201 0.194908 0.522117 0.195163 0.529507 0.196847 0.528355 0.196585 0.528542 0.194882 0.540198 0.198681 0.541367 0.199299 0.541140 0.200319 0.541951 0.200667 0.545321 0.201188 0.544954 0.200469 0.545871 0.199846 0.555777 0.202188 0.577553 0.207435 0.605496 0.216044 0.628016 0.225229 0.650069 0.237010 0.665046 0.245012 0.692377 0.265140 0.711237 0.281438 0.729586 0.298958 0.734580 0.303907 0.733407 0.305100 0.741929 0.309849 0.746709 0.316334 0.746918 0.317955 0.748557 0.317578 0.750104 0.319041 0.757085 0.329975 0.766688 0.347473 0.768025 0.352866 0.768517 0.355379 0.767269 0.355873 0.769892 0.364410 0.771276 0.365039 0.774601 0.367073 0.780513 0.401376 0.781983 0.413075 0.784606 0.437473 0.785427 0.455077 0.785135 0.469101 0.784602 0.479836 0.781220 0.492458 0.777971 0.499056 0.777077 0.498740 0.771625 0.504284 0.772863 0.505503 0.772232 0.509688 0.768725 0.522690 0.764089 0.532508 0.761252 0.539278 0.758681 0.547283 0.758002 0.556276 0.756115 0.563383 0.748494 0.578658 0.742987 0.586078 0.732347 0.597574 0.720870 0.605982 0.709934 0.611627 0.708548 0.611012 0.707554 0.611331 0.706732 0.611595 0.706637 0.611625 0.706637 0.611625 0.706637 0.611625 0.705318 0.612034 0.705442 0.612829 0.703534 0.613626 0.698680 0.614706 0.697779 0.614694 0.695422 0.615222 0.683219 0.615435 0.672599 0.613580 0.671663 0.613360 0.670898 0.613139 0.664849 0.610820 0.663805 0.610727 0.663808 0.610728 0.663655 0.610932 0.663007 0.610968 0.662385 0.611107 0.662063 0.610404 0.661423 0.610641 0.661308 0.610392 0.661588 0.609552 0.661608 0.609568 0.662068 0.609939 0.659751 0.608074 0.658997 0.608453 0.659279 0.608311 0.659357 0.608476 0.658414 0.608730 0.656088 0.607230 0.654510 0.606437 0.653661 0.605788 0.650564 0.604711 0.650134 0.604004 0.648952 0.603500 0.648635 0.603312 0.645725 0.602153 0.645716 0.602149 0.645194 0.601709 0.643433 0.601475 0.642096 0.600906 0.641111 0.600394 0.640482 0.600098 0.638205 0.599834 0.634317 0.599517 0.633600 0.599512 0.633216 0.599613 0.622741 0.599888 0.622196 0.599045 0.620677 0.599776 0.620307 0.600006 0.619074 0.599838 0.617034 0.600078 0.616555 0.599650 0.615762 0.599960 0.613517 0.599938 0.604441 0.599428 0.601359 0.599114 0.600801 0.598179 0.600494 0.598148 0.597244 0.595897 0.581945 0.590544 0.575647 0.584320 0.575377 0.585811 0.575836 0.586230 0.575448 0.586770 0.574164 0.586043 0.571043 0.583208 0.571692 0.581979 0.571281 0.579773 0.568064 0.579356 0.567728 0.579962 0.566003 0.578796 0.563545 0.577180 0.560114 0.575368 0.553324 0.574285 0.550239 0.574349 0.549313 0.574539 0.546850 0.574951 0.545841 0.574340 0.540795 0.570404 0.539440 0.567878 0.539526 0.567061 0.538299 0.565821 0.536792 0.553266 0.534303 0.559830 0.530853 0.560318 0.517746 0.552180 0.513305 0.555846 0.513000 0.559800 0.508404 0.569081 0.507658 0.572521 0.502879 0.580741 0.501044 0.585245 0.500772 0.585854 0.491010 0.598996 0.492318 0.598432 0.496443 0.598045 0.496280 0.599351 0.499278 0.600953 0.500134 0.600554 0.499972 0.601246 0.501084 0.601019 0.501702 0.606273 0.500131 0.613699 0.500331 0.613726 0.500083 0.614736 0.498899 0.616790 0.497620 0.619586 0.495585 0.623207 0.493892 0.625810 0.493482 0.626747 0.493100 0.627076 0.493003 0.627468 0.492599 0.627702 0.492406 0.628260 0.492105 0.628822 0.491568 0.629707 0.490428 0.630974 0.489380 0.632764 0.488725 0.633099 0.487916 0.634021 0.487457 0.635116 0.486009 0.636543 0.483146 0.639250 0.480314 0.641825 0.480325 0.642115 0.478926 0.642724 0.479079 0.643023 0.477807 0.643866 0.476894 0.644468 0.476461 0.645098 0.475530 0.645454 0.475018 0.646010 0.473121 0.647277 0.471905 0.646956 0.464762 0.650552 0.458142 0.653845 0.455984 0.653355 0.452399 0.656257 0.437186 0.660203 0.429893 0.660850 0.429893 0.660850 0.426966 0.662318 0.419693 0.662207 0.418451 0.661153 0.420205 0.661249 0.414525 0.660938 0.413517 0.662584 0.409316 0.659867 0.407250 0.658485 0.399193 0.657776 0.397741 0.657700 0.394103 0.658778 0.385830 0.656607 0.383310 0.655827 0.383310 0.655827 0.381808 0.657280 0.378501 0.656039 0.378109 0.655252 0.377203 0.654931 0.371710 0.653613 0.366420 0.651058 0.362735 0.649190 0.354305 0.645561 0.335238 0.636378 0.329269 0.633724 0.327870 0.632896 0.326810 0.633137 0.323295 0.631371 0.323116 0.630735 0.320505 0.630062 0.318394 0.629384 0.318261 0.628785 0.319759 0.628988 0.318082 0.627574 0.313447 0.625268 0.305802 0.622145 0.294141 0.616641 0.286237 0.612154 0.286354 0.612222 0.285104 0.612486 0.284183 0.611716 0.282996 0.611308 0.282630 0.611723 0.281738 0.611359 0.280007 0.610450 0.278914 0.609582
24 0.307063 0.479636 0.307061 0.479607 0.307061 0.479607 0.306296 0.470497 0.306280 0.470303 0.306279 0.470286 0.306279 0.470286 0.306145 0.468699 0.305833 0.464305 0.306312 0.462255 0.306315 0.462059 0.306315 0.461923 0.306376 0.461168 0.307223 0.459442 0.307505 0.456681 0.307276 0.454431 0.307393 0.454057 0.307526 0.451461 0.307874 0.450527 0.308040 0.449556 0.308871 0.444647 0.309381 0.443522 0.309586 0.443073 0.309600 0.443037 0.310930 0.440122 0.311807 0.438181 0.312712 0.435140 0.312690 0.435136 0.312912 0.434235 0.313249 0.433634 0.313932 0.432433 0.315173 0.430880 0.315203 0.430840 0.315240 0.430801 0.315636 0.430301 0.316608 0.429088 0.316860 0.428760 0.316859 0.428768 0.317658 0.427768 0.317899 0.427469 0.318052 0.427283 0.318582 0.426616 0.318747 0.426356 0.319459 0.425251 0.321668 0.424152 0.324147 0.422409 0.325844 0.422138 0.327237 0.422096 0.328634 0.422736 0.330491 0.423704 0.331807 0.424557 0.334999 0.426972 0.335234 0.427104 0.335544 0.427279 0.335669 0.427348 0.335817 0.427451 0.335959 0.427527 0.336110 0.427609 0.336005 0.427780 0.335550 0.427556 0.335573 0.427567 0.335838 0.427698 0.336007 0.427782 0.335741 0.427970 0.335577 0.427873 0.335291 0.427704 0.334161 0.427178 0.333250 0.426394 0.329755 0.423980 0.327706 0.423115 0.326842 0.422945 0.324841 0.423133 0.323951 0.423557 0.320820 0.425968 0.320004 0.426450 0.319578 0.427172 0.318576 0.428424 0.317989 0.429157 0.317649 0.429728 0.316360 0.431250 0.315641 0.432755 0.314457 0.434234 0.312627 0.439010 0.312094 0.441380 0.310074 0.445761 0.309136 0.450765 0.308953 0.454498 0.308671 0.457259 0.307833 0.461818 0.307463 0.466821 0.308411 0.470497 0.308413 0.470531 0.308421 0.470612 0.309115 0.479543 0.309116 0.479543 0.309124 0.479660 0.309293 0.481811 0.310403 0.487863 0.310418 0.487949 0.311172 0.492055 0.311840 0.495699 0.312193 0.497623 0.312682 0.499929 0.313339 0.503021 0.314706 0.507700 0.316019 0.513671 0.317963 0.517672 0.317964 0.517674 0.317977 0.517701 0.317961 0.517708 0.318165 0.518089 0.318323 0.518596 0.319462 0.522248 0.320330 0.524237 0.321011 0.525798 0.321433 0.526764 0.322318 0.528435 0.322979 0.529680 0.323990 0.531587 0.324792 0.533098 0.325654 0.534724 0.326301 0.535944 0.326703 0.536702 0.327226 0.537689 0.327402 0.538019 0.327593 0.538379 0.327822 0.538813 0.328115 0.539289 0.328345 0.539657 0.328732 0.540186 0.328959 0.540491 0.329177 0.540783 0.329435 0.541129 0.329658 0.541429 0.329951 0.541823 0.330114 0.542040 0.330402 0.542358 0.331424 0.544047 0.332386 0.544620 0.332783 0.545180 0.334443 0.547076 0.334788 0.547718 0.337612 0.551668 0.338306 0.552395 0.338409 0.552502 0.338482 0.552579 0.338502 0.552600 0.338512 0.552610 0.339938 0.554102 0.342022 0.556442 0.346035 0.560573 0.349824 0.564150 0.351603 0.565082 0.352481 0.565664 0.353226 0.566268 0.354081 0.566846 0.356728 0.568244 0.357430 0.569053 0.360486 0.571028 0.364192 0.572517 0.365014 0.573293 0.366744 0.574202 0.371361 0.575899 0.376007 0.577343 0.379977 0.576665 0.381143 0.576622 0.381725 0.576714 0.382386 0.576789 0.384324 0.576309 0.385133 0.575826 0.385817 0.575678 0.387246 0.574892 0.387443 0.574184 0.388048 0.573787 0.388553 0.573449 0.389002 0.572930 0.390286 0.570352 0.390231 0.568451 0.390118 0.564600 0.390058 0.562544 0.389853 0.561381 0.389641 0.560176 0.389428 0.559086 0.389140 0.557773 0.388646 0.555526 0.388637 0.555487 0.388632 0.555463 0.388615 0.555384 0.387198 0.551084 0.385502 0.547227 0.382783 0.542439 0.382341 0.541720 0.380978 0.539502 0.379448 0.537044 0.378301 0.535239 0.377036 0.533250 0.375707 0.530259 0.374853 0.529182 0.374332 0.527132 0.374332 0.527132 0.374332 0.527132 0.374332 0.527132 0.374332 0.527132 0.375777 0.528605 0.376735 0.530269 0.378041 0.532537 0.379221 0.534590 0.379803 0.535358 0.380607 0.536420 0.380904 0.536810 0.381924 0.538769 0.383017 0.540912 0.383128 0.541082 0.386129 0.545438 0.387324 0.547906 0.388743 0.552283 0.389693 0.554811 0.389754 0.555185 0.389770 0.555269 0.389975 0.556498 0.390350 0.558582 0.390775 0.561228 0.391054 0.562326 0.391309 0.563684 0.392030 0.567521 0.392307 0.568994 0.392990 0.572629 0.391962 0.572683 0.390613 0.573816 0.390399 0.574431 0.389899 0.574275 0.388897 0.573962 0.388740 0.574332 0.388607 0.574726 0.388049 0.575734 0.387108 0.576103 0.385299 0.576847 0.383469 0.577678 0.382432 0.577766 0.381514 0.577420 0.375693 0.578471 0.371469 0.577220 0.369125 0.576403 0.366513 0.575291 0.365667 0.574919 0.363832 0.573652 0.363073 0.573303 0.361425 0.572491 0.358848 0.570817 0.358574 0.570513 0.357605 0.569984 0.355694 0.568446 0.350072 0.565003 0.343307 0.559251 0.341659 0.557327 0.340512 0.556283 0.337895 0.553162 0.338204 0.552860 0.337895 0.553161 0.337872 0.553134 0.337872 0.553133 0.336882 0.551953 0.335540 0.550277 0.330402 0.544179 0.330256 0.543791 0.329909 0.542998 0.329727 0.542725 0.329118 0.541805 0.328570 0.540977 0.328006 0.540404 0.327163 0.539547 0.326904 0.538770 0.326327 0.537712 0.325550 0.536577 0.325209 0.535428 0.324462 0.534094 0.323517 0.532408 0.322620 0.530806 0.321393 0.528615 0.320768 0.527512 0.320208 0.526533 0.319523 0.524910 0.318897 0.523425 0.318322 0.522063 0.317607 0.520367 0.316703 0.518226 0.316699 0.518210 0.316672 0.518145 0.315954 0.516617 0.314156 0.512164 0.312221 0.504347 0.312006 0.503621 0.311724 0.502662 0.311287 0.501194 0.311260 0.501102 0.311225 0.500987 0.311156 0.500506 0.311112 0.500213 0.310740 0.497713 0.310166 0.495382 0.309366 0.492176 0.308415 0.488367 0.309454 0.488061 0.308407 0.488352 0.308242 0.487680 0.307119 0.483165 0.307213 0.481416 0.307195 0.481171 0.307064 0.479643 0.307063 0.479636
24 0.329995 0.634047 0.335238 0.636378 0.332839 0.636791 0.329769 0.634614 0.329995 0.634047
24 0.314396 0.487318 0.314396 0.487318 0.314395 0.487311 0.314387 0.487254 0.314386 0.487245 0.314337 0.486872 0.313896 0.483526 0.314014 0.479923 0.314016 0.479852 0.314056 0.479852 0.314016 0.479852 0.314323 0.470529 0.317102 0.470265 0.318613 0.469906 0.318830 0.469852 0.318866 0.469843 0.318904 0.469835 0.324141 0.468582 0.324153 0.468549 0.324975 0.466577 0.325139 0.463038 0.325952 0.459254 0.327558 0.456144 0.328666 0.454137 0.330671 0.452904 0.332600 0.452824 0.332643 0.452839 0.334158 0.455097 0.334406 0.458130 0.335800 0.462692 0.337310 0.467463 0.340146 0.474361 0.340235 0.474596 0.342092 0.479419 0.343329 0.482735 0.343962 0.486076 0.344761 0.489469 0.345075 0.492824 0.345176 0.495158 0.344781 0.497295 0.344184 0.498296 0.344180 0.498303 0.344104 0.498431 0.344050 0.498431 0.341961 0.498419 0.340900 0.493414 0.340758 0.492784 0.338533 0.487807 0.337225 0.487486 0.335859 0.491183 0.335121 0.498387 0.335918 0.505475 0.338282 0.510437 0.340323 0.514004 0.340923 0.515060 0.344560 0.521792 0.346960 0.523171 0.349251 0.524168 0.351227 0.523369 0.350376 0.518241 0.345860 0.512268 0.341651 0.502410 0.344187 0.500245 0.344168 0.499878 0.344166 0.499839 0.344165 0.499818 0.344186 0.499846 0.344998 0.500906 0.346539 0.502524 0.348267 0.503531 0.349400 0.505769 0.352420 0.510836 0.352515 0.510988 0.353832 0.513167 0.356326 0.516697 0.358935 0.520490 0.361110 0.524253 0.365524 0.531133 0.365576 0.531225 0.369310 0.540980 0.370354 0.544846 0.369761 0.547479 0.367677 0.550682 0.367574 0.550839 0.367588 0.550848 0.367706 0.550869 0.376479 0.554468 0.380186 0.555119 0.380808 0.555201 0.384302 0.555661 0.385016 0.555751 0.385025 0.555832 0.385985 0.563871 0.385658 0.564012 0.385708 0.564384 0.384925 0.565114 0.380919 0.567951 0.376740 0.570471 0.373608 0.570989 0.369451 0.570408 0.360942 0.567199 0.355338 0.564455 0.342096 0.552464 0.341370 0.551477 0.341393 0.551465 0.341297 0.551374 0.334251 0.541727 0.330862 0.535136 0.321189 0.518741 0.320611 0.516674 0.316182 0.500871 0.314395 0.487318 0.314396 0.487318
24 0.706637 0.611625 0.706302 0.611729 0.705318 0.612034 0.706637 0.611625