1 0.449663 0.481949 0.450074 0.486072 0.452092 0.490132 0.452605 0.492780 0.454215 0.495158 0.458073 0.498192 0.460813 0.497144 0.464494 0.495092 0.464257 0.497746 0.461948 0.497921 0.460379 0.499368 0.462116 0.503610 0.464537 0.507927 0.466488 0.505838 0.468236 0.505347 0.469495 0.506562 0.467049 0.508930 0.466617 0.510479 0.466892 0.512326 0.468420 0.514638 0.470032 0.512886 0.469323 0.516041 0.469893 0.519208 0.471851 0.524101 0.475534 0.531735 0.479123 0.537151 0.485608 0.545006 0.488831 0.548410 0.491635 0.551409 0.495087 0.555539 0.497436 0.559188 0.500043 0.558304 0.503194 0.557586 0.503021 0.560834 0.500396 0.562245 0.501657 0.565562 0.505218 0.567886 0.507949 0.566764 0.510506 0.566110 0.512511 0.565217 0.514291 0.569153 0.513100 0.570634 0.513424 0.572926 0.515800 0.575446 0.518554 0.575222 0.520835 0.572722 0.523113 0.571573 0.525920 0.573220 0.524750 0.576276 0.525138 0.579838 0.525734 0.585329 0.523653 0.586844 0.522254 0.585119 0.518113 0.582940 0.513880 0.581298 0.508815 0.579596 0.506354 0.577686 0.501899 0.572614 0.493069 0.565817 0.488642 0.562394 0.485964 0.558480 0.484839 0.553647 0.482887 0.549504 0.475163 0.539231 0.459713 0.522002 0.451213 0.512188 0.446813 0.504857 0.444274 0.498075 0.443903 0.494662 0.444421 0.488373 0.446586 0.479278 0.446344 0.477055 0.446344 0.477054 0.449663 0.481949
2 0.469095 0.471645 0.478164 0.477717 0.485378 0.487445 0.490321 0.495618 0.499280 0.506208 0.505259 0.522527 0.509611 0.529413 0.514563 0.533530 0.520854 0.543058 0.525352 0.558187 0.529201 0.561823 0.531731 0.565021 0.530151 0.570880 0.525724 0.573105 0.523381 0.571730 0.523113 0.571573 0.523979 0.570049 0.526813 0.567113 0.525434 0.564785 0.522012 0.565082 0.517390 0.567461 0.514291 0.569153 0.512511 0.565217 0.515184 0.564009 0.515544 0.561792 0.514881 0.559837 0.514102 0.558194 0.513599 0.554945 0.509590 0.559511 0.503039 0.560489 0.503194 0.557586 0.505092 0.554743 0.506259 0.553040 0.504333 0.551898 0.502466 0.549923 0.498837 0.546089 0.497945 0.543407 0.496799 0.539778 0.494726 0.537976 0.492802 0.536157 0.492294 0.531482 0.488395 0.528077 0.486304 0.526802 0.486188 0.523661 0.487119 0.520482 0.484459 0.519494 0.485725 0.517329 0.487018 0.514711 0.486561 0.512583 0.484324 0.510649 0.482051 0.509770 0.480452 0.509568 0.477535 0.508984 0.473096 0.507514 0.469494 0.506563 0.469495 0.506562 0.468236 0.505347 0.470438 0.504065 0.472973 0.502513 0.476538 0.500774 0.475801 0.498827 0.471155 0.497529 0.464276 0.497532 0.464494 0.495092 0.466533 0.493001 0.469792 0.491896 0.473280 0.491517 0.482106 0.492585 0.478213 0.489930 0.472343 0.487039 0.468019 0.485256 0.468023 0.483904 0.471559 0.483970 0.473917 0.483564 0.473567 0.481725 0.471356 0.480661 0.471352 0.480659 0.470002 0.480010 0.466850 0.477950 0.467852 0.476114 0.466910 0.473663 0.464795 0.472166 0.461801 0.470165 0.461799 0.470164 0.469095 0.471645
5 0.536832 0.581405 0.536771 0.586368 0.536314 0.587694 0.540776 0.594275 0.537491 0.599287 0.534560 0.597878 0.533773 0.599616 0.530289 0.596184 0.526332 0.590149 0.523654 0.586846 0.523653 0.586845 0.523653 0.586844 0.523655 0.586843 0.523657 0.586842 0.525734 0.585329 0.525138 0.579838 0.524750 0.576276 0.525920 0.573220 0.525303 0.572858 0.525724 0.573105 0.530151 0.570880 0.531026 0.571586 0.533340 0.573450 0.532046 0.576744 0.534790 0.580576 0.536832 0.581405
5 0.523381 0.571730 0.523113 0.571573 0.525303 0.572858 0.523381 0.571730
5 0.520835 0.572722 0.518554 0.575222 0.515800 0.575446 0.513424 0.572926 0.513100 0.570634 0.514291 0.569153 0.517390 0.567461 0.522012 0.565082 0.525434 0.564785 0.526813 0.567113 0.523979 0.570049 0.523113 0.571573 0.520835 0.572722
5 0.515184 0.564009 0.512511 0.565217 0.510506 0.566110 0.507949 0.566764 0.505218 0.567886 0.501657 0.565562 0.500396 0.562245 0.503021 0.560834 0.503194 0.557586 0.503039 0.560489 0.509590 0.559511 0.513599 0.554945 0.514102 0.558194 0.514881 0.559837 0.515544 0.561792 0.515184 0.564009
5 0.486561 0.512583 0.487018 0.514711 0.485725 0.517329 0.484459 0.519494 0.487119 0.520482 0.486188 0.523661 0.486304 0.526802 0.488395 0.528077 0.492294 0.531482 0.492802 0.536157 0.494726 0.537976 0.496799 0.539778 0.497945 0.543407 0.498837 0.546089 0.502466 0.549923 0.504333 0.551898 0.506259 0.553040 0.505092 0.554743 0.503194 0.557586 0.500043 0.558304 0.497436 0.559188 0.495087 0.555539 0.491635 0.551409 0.488831 0.548410 0.485608 0.545006 0.479123 0.537151 0.475534 0.531735 0.471851 0.524101 0.469893 0.519208 0.469323 0.516041 0.470032 0.512886 0.468420 0.514638 0.466892 0.512326 0.466617 0.510479 0.467049 0.508930 0.469495 0.506562 0.469494 0.506563 0.473096 0.507514 0.477535 0.508984 0.480452 0.509568 0.482051 0.509770 0.484324 0.510649 0.486561 0.512583
5 0.466488 0.505838 0.464537 0.507927 0.462116 0.503610 0.461766 0.502755 0.460379 0.499368 0.461948 0.497921 0.464257 0.497746 0.464276 0.497532 0.471155 0.497529 0.475801 0.498827 0.476538 0.500774 0.472973 0.502513 0.470438 0.504065 0.468236 0.505347 0.466488 0.505838
5 0.464276 0.497532 0.464494 0.495092 0.464276 0.497532 0.464276 0.497532
5 0.461799 0.470164 0.464795 0.472166 0.466910 0.473663 0.467852 0.476114 0.466850 0.477950 0.470002 0.480010 0.473567 0.481725 0.473917 0.483564 0.471559 0.483970 0.468023 0.483904 0.468019 0.485256 0.472343 0.487039 0.478213 0.489930 0.482106 0.492585 0.473280 0.491517 0.469792 0.491896 0.466533 0.493001 0.464494 0.495092 0.460813 0.497144 0.458073 0.498192 0.454215 0.495158 0.452605 0.492780 0.452092 0.490132 0.450074 0.486072 0.449663 0.481949 0.446345 0.477055 0.446345 0.477054 0.446344 0.477054 0.446344 0.477051 0.446159 0.475345 0.445074 0.473434 0.446440 0.471157 0.450357 0.470581 0.449702 0.468700 0.452126 0.468212 0.455882 0.469606 0.458899 0.469728 0.461799 0.470164
7 0.478731 0.599401 0.480068 0.600508 0.480177 0.600597 0.480263 0.600662 0.476831 0.600228 0.476819 0.600224 0.476482 0.602661 0.473799 0.604903 0.472200 0.606812 0.469409 0.608090 0.466505 0.610358 0.464476 0.612452 0.461969 0.614223 0.460115 0.615324 0.459165 0.617578 0.453543 0.618364 0.453535 0.618369 0.452535 0.619242 0.450251 0.617163 0.447202 0.615155 0.437201 0.609514 0.431814 0.607025 0.426601 0.603021 0.420201 0.598799 0.407914 0.584633 0.402625 0.578719 0.397612 0.570200 0.394706 0.564237 0.392784 0.558433 0.390416 0.552961 0.388432 0.546157 0.388338 0.540727 0.387871 0.537744 0.387723 0.537207 0.387828 0.536338 0.388742 0.534713 0.389494 0.532121 0.391008 0.528094 0.391498 0.526031 0.393533 0.524852 0.394631 0.524255 0.395677 0.524102 0.396864 0.524512 0.398857 0.526533 0.401966 0.527159 0.404594 0.528691 0.408369 0.530462 0.411373 0.532692 0.414490 0.535029 0.414756 0.535586 0.416001 0.537201 0.418625 0.538628 0.420342 0.540824 0.420922 0.541505 0.421688 0.542734 0.423549 0.544306 0.426069 0.547124 0.428762 0.549814 0.430893 0.552218 0.434515 0.555545 0.438083 0.558754 0.440710 0.561555 0.441636 0.562514 0.447342 0.568431 0.450721 0.571819 0.453925 0.574333 0.459483 0.579500 0.462646 0.582228 0.465431 0.585891 0.469244 0.590180 0.475253 0.596557 0.478731 0.599401
8 0.499280 0.506208 0.504395 0.511592 0.509709 0.519725 0.514771 0.526233 0.523586 0.540272 0.528244 0.546523 0.530114 0.550600 0.532293 0.556145 0.534532 0.560857 0.540321 0.570470 0.542177 0.575312 0.542927 0.577490 0.543326 0.579904 0.543537 0.582475 0.544308 0.586355 0.544650 0.588077 0.545933 0.589514 0.546333 0.591123 0.546254 0.593159 0.545476 0.594294 0.543406 0.594594 0.540776 0.594275 0.540231 0.593471 0.536314 0.587694 0.536771 0.586368 0.536832 0.581405 0.536832 0.581405 0.536833 0.581404 0.534790 0.580576 0.532046 0.576744 0.533340 0.573450 0.530151 0.570880 0.531731 0.565021 0.529201 0.561823 0.525352 0.558187 0.520854 0.543058 0.514563 0.533530 0.509611 0.529413 0.505259 0.522527 0.499281 0.506209 0.499280 0.506208
9 0.405648 0.452867 0.415095 0.452741 0.424374 0.453835 0.430848 0.456060 0.436141 0.459164 0.440685 0.465053 0.444673 0.472728 0.446159 0.475345 0.446586 0.479278 0.444421 0.488373 0.443903 0.494662 0.444274 0.498075 0.446813 0.504857 0.451213 0.512188 0.459713 0.522002 0.475163 0.539231 0.482887 0.549504 0.484839 0.553647 0.485964 0.558480 0.488642 0.562394 0.493069 0.565817 0.501899 0.572614 0.506354 0.577686 0.508815 0.579596 0.513880 0.581298 0.518113 0.582940 0.522254 0.585119 0.529191 0.593675 0.530289 0.596184 0.528807 0.599123 0.525940 0.605216 0.522844 0.610583 0.520635 0.613752 0.519053 0.614890 0.518327 0.615457 0.517356 0.614812 0.516488 0.615469 0.515554 0.615158 0.514284 0.615221 0.513322 0.615700 0.513126 0.616660 0.512239 0.617132 0.511106 0.617068 0.509964 0.616929 0.508530 0.616859 0.507377 0.616609 0.506153 0.616404 0.505362 0.616378 0.503985 0.616490 0.502857 0.616124 0.501505 0.616121 0.500375 0.616432 0.500563 0.615398 0.501385 0.614670 0.502499 0.614211 0.503572 0.613381 0.502092 0.613579 0.501090 0.613688 0.500163 0.613451 0.498830 0.612582 0.497700 0.612893 0.497532 0.612386 0.498407 0.612140 0.497654 0.611434 0.496756 0.611118 0.495805 0.610659 0.494887 0.610158 0.493891 0.609628 0.493407 0.608967 0.492444 0.608396 0.491493 0.607936 0.491626 0.607096 0.490770 0.606813 0.489221 0.606381 0.488072 0.606168 0.486714 0.605076 0.485835 0.603896 0.484765 0.603374 0.483932 0.601925 0.482362 0.599918 0.481179 0.598357 0.480024 0.597056 0.479341 0.596304 0.478523 0.595680 0.478553 0.594926 0.476922 0.592700 0.474658 0.590168 0.472475 0.587702 0.470354 0.585117 0.468857 0.583778 0.468135 0.582655 0.465759 0.579797 0.462276 0.576421 0.461361 0.574991 0.459254 0.572874 0.457124 0.570552 0.454719 0.567941 0.452305 0.565069 0.450181 0.562972 0.448012 0.560974 0.446306 0.559264 0.443357 0.556318 0.441595 0.554613 0.439113 0.552314 0.435923 0.549038 0.432263 0.545266 0.430421 0.543176 0.428187 0.540753 0.426993 0.539437 0.424017 0.536063 0.422273 0.533831 0.420296 0.531361 0.418863 0.529227 0.417512 0.526940 0.417017 0.525711 0.416373 0.525143 0.414957 0.522819 0.413699 0.520088 0.412773 0.518649 0.412210 0.517265 0.411456 0.515339 0.410488 0.512277 0.409565 0.509655 0.408989 0.507465 0.408105 0.504994 0.407680 0.502638 0.407394 0.500867 0.406231 0.496333 0.405858 0.493764 0.405639 0.491742 0.405238 0.488173 0.405336 0.486830 0.405114 0.484958 0.404656 0.479579 0.404688 0.478149 0.404574 0.476585 0.404539 0.474880 0.404612 0.473127 0.404509 0.470397 0.404584 0.467799 0.404461 0.465635 0.404786 0.461292 0.404914 0.458669 0.404911 0.457261 0.404333 0.456780 0.404385 0.455179 0.404698 0.454262 0.405373 0.453739 0.405531 0.453290 0.405648 0.452867
22 0.467069 0.582647 0.466600 0.582473 0.465719 0.581799 0.465249 0.581268 0.464523 0.580464 0.463894 0.579857 0.463547 0.579425 0.463078 0.579082 0.463006 0.578771 0.462632 0.578605 0.461881 0.578086 0.461206 0.577577 0.460645 0.577075 0.460028 0.576410 0.459598 0.575913 0.459164 0.575716 0.458799 0.575117 0.458148 0.574831 0.458056 0.574503 0.457516 0.574494 0.456869 0.573600 0.456020 0.573035 0.455414 0.572819 0.455069 0.572406 0.454398 0.571935 0.454127 0.571683 0.453543 0.571146 0.453210 0.570844 0.452688 0.570356 0.452302 0.569741 0.451730 0.569315 0.451065 0.569068 0.450509 0.568622 0.449829 0.568058 0.449714 0.567695 0.449488 0.567344 0.449132 0.567176 0.448653 0.566909 0.448309 0.566515 0.448084 0.566164 0.447718 0.565734 0.447238 0.564773 0.446721 0.564510 0.446349 0.564025 0.445971 0.563653 0.445647 0.563256 0.445344 0.562895 0.444451 0.562448 0.444304 0.561957 0.443934 0.561659 0.443355 0.561515 0.443065 0.561096 0.442634 0.560580 0.442365 0.560178 0.441872 0.559612 0.441311 0.559162 0.441138 0.558598 0.440530 0.558364 0.440430 0.557962 0.439921 0.557942 0.439640 0.557776 0.439254 0.557330 0.438729 0.556730 0.438588 0.556473 0.438486 0.555874 0.438325 0.555516 0.437949 0.555256 0.437609 0.555322 0.437222 0.555213 0.436835 0.555021 0.436418 0.554465 0.436043 0.554037 0.435144 0.553449 0.434823 0.553006 0.434191 0.552539 0.433409 0.551775 0.433037 0.551290 0.432512 0.550784 0.431951 0.550281 0.431316 0.549618 0.430895 0.548857 0.431666 0.548698 0.430779 0.548306 0.430277 0.548004 0.429414 0.547141 0.428474 0.546098 0.427915 0.545445 0.427345 0.544512 0.426695 0.544057 0.426251 0.543261 0.425385 0.542717 0.424876 0.542003 0.424524 0.541534 0.424146 0.541162 0.423576 0.540755 0.422898 0.540040 0.422471 0.539392 0.422171 0.538880 0.422568 0.538386 0.421990 0.538074 0.421515 0.537675 0.421464 0.538244 0.420838 0.537842 0.420284 0.536889 0.419893 0.536575 0.419812 0.536002 0.418922 0.535404 0.418348 0.534959 0.417659 0.534321 0.417069 0.533559 0.416697 0.533074 0.416195 0.532772 0.416981 0.531879 0.416898 0.531119 0.416369 0.530744 0.416101 0.530004 0.415669 0.529657 0.415049 0.529480 0.414735 0.528838 0.414281 0.528287 0.413697 0.527919 0.413785 0.528904 0.413835 0.529706 0.414016 0.530512 0.414219 0.531166 0.413796 0.531080 0.413744 0.530598 0.413152 0.530155 0.412984 0.529648 0.412664 0.529120 0.412022 0.528739 0.411547 0.528340 0.411267 0.527845 0.411636 0.527260 0.412071 0.527119 0.411363 0.526821 0.411125 0.526190 0.410757 0.525742 0.410189 0.525353 0.409311 0.524866 0.408525 0.524370 0.407516 0.524066 0.406772 0.524129 0.406030 0.524040 0.405472 0.523575 0.404779 0.523238 0.403820 0.522704 0.403729 0.522038 0.404021 0.521443 0.403779 0.520775 0.403327 0.520411 0.403045 0.520929 0.402581 0.520980 0.401741 0.520677 0.400827 0.520382 0.400426 0.519975 0.398666 0.519847 0.398373 0.519391 0.397615 0.518122 0.398193 0.516876 0.397889 0.515633 0.395897 0.514388 0.394718 0.513559 0.393961 0.512290 0.393965 0.511632 0.394620 0.510923 0.395236 0.510724 0.396150 0.510325 0.396517 0.509553 0.396632 0.508883 0.396045 0.508497 0.395088 0.508319 0.394049 0.508432 0.392403 0.509005 0.391621 0.509240 0.390703 0.509603 0.389234 0.509556 0.389964 0.510227 0.389471 0.511050 0.389231 0.511602 0.390090 0.512767 0.389743 0.513893 0.388430 0.514599 0.385630 0.516123 0.384148 0.516134 0.383581 0.515407 0.382442 0.515981 0.381580 0.515474 0.380836 0.515368 0.380227 0.515978 0.379418 0.516310 0.377312 0.515582 0.376795 0.514455 0.376114 0.514060 0.374594 0.514751 0.373691 0.515769 0.373670 0.518174 0.375257 0.520685 0.376762 0.523131 0.377925 0.523474 0.379487 0.523849 0.380847 0.524452 0.381526 0.525166 0.381773 0.526059 0.382143 0.527389 0.382375 0.528659 0.381931 0.529590 0.381940 0.532085 0.380588 0.532778 0.380608 0.534165 0.379642 0.536335 0.380160 0.537649 0.381104 0.538560 0.381352 0.539810 0.380160 0.542136 0.379474 0.542905 0.378140 0.543068 0.377284 0.542617 0.376701 0.541573 0.375957 0.540602 0.375463 0.540544 0.375022 0.541323 0.373344 0.543158 0.372780 0.543669 0.371484 0.545518 0.370741 0.545937 0.369488 0.545810 0.369122 0.545719 0.367605 0.545583 0.367165 0.544298 0.365170 0.543727 0.363861 0.543081 0.363803 0.541510 0.363280 0.539465 0.362267 0.538955 0.360348 0.539427 0.358313 0.539873 0.356567 0.539180 0.356690 0.537722 0.355655 0.536145 0.355610 0.535211 0.354609 0.534813 0.353423 0.534266 0.351706 0.532885 0.351656 0.531389 0.351867 0.530221 0.351908 0.528002 0.351266 0.527452 0.350560 0.526309 0.349996 0.525788 0.348017 0.525196 0.346986 0.524688 0.347554 0.521447 0.347180 0.520080 0.345295 0.518802 0.341980 0.515933 0.341164 0.515328 0.339058 0.515125 0.337540 0.514802 0.335233 0.514132 0.333931 0.513373 0.333003 0.512610 0.332416 0.511003 0.333166 0.509270 0.332299 0.508200 0.331813 0.506320 0.329789 0.506352 0.328475 0.506701 0.327262 0.505895 0.327349 0.503933 0.327864 0.503145 0.328179 0.502622 0.327679 0.501306 0.326923 0.500393 0.325608 0.499860 0.324572 0.496725 0.324679 0.495287 0.325416 0.493780 0.326082 0.492657 0.326654 0.490830 0.327954 0.486768 0.328504 0.485432 0.328709 0.483870 0.328609 0.482605 0.328151 0.482185 0.326749 0.481718 0.325979 0.482234 0.324800 0.482268 0.324248 0.481333 0.323677 0.480231 0.321917 0.477614 0.321862 0.476418 0.322273 0.475191 0.322317 0.473872 0.322495 0.472915 0.323510 0.472241 0.326594 0.471249 0.325631 0.469814 0.324339 0.469673 0.323659 0.468771 0.323120 0.467610 0.322645 0.465484 0.321877 0.464291 0.320602 0.463096 0.319558 0.461783 0.319213 0.460338 0.320060 0.458969 0.320974 0.457537 0.324061 0.455888 0.326272 0.454991 0.324832 0.451581 0.330578 0.449614 0.331039 0.448325 0.331695 0.446414 0.332610 0.444475 0.333583 0.442718 0.334694 0.441546 0.335451 0.440562 0.335283 0.438666 0.335129 0.437256 0.335763 0.436174 0.337579 0.434925 0.339381 0.434579 0.340754 0.434430 0.341478 0.433150 0.343388 0.432755 0.344932 0.433150 0.345895 0.434059 0.348130 0.433553 0.348595 0.431964 0.349431 0.430671 0.350443 0.429623 0.352113 0.429441 0.354086 0.429978 0.354371 0.431223 0.356511 0.430878 0.356687 0.429733 0.358527 0.429045 0.360672 0.430126 0.362755 0.431326 0.362730 0.429376 0.365838 0.429302 0.368245 0.431067 0.369482 0.430708 0.370033 0.431286 0.371492 0.432967 0.372477 0.434775 0.373027 0.437418 0.374861 0.439096 0.374797 0.441956 0.376313 0.438638 0.377836 0.438134 0.378248 0.436400 0.378734 0.434658 0.381039 0.432718 0.383155 0.433539 0.384003 0.434085 0.386272 0.434928 0.387849 0.435620 0.389152 0.436905 0.386920 0.439512 0.384433 0.440458 0.384229 0.442733 0.384375 0.444069 0.385884 0.445519 0.388620 0.445823 0.389772 0.446411 0.389834 0.448018 0.391773 0.449272 0.393545 0.450731 0.393699 0.448687 0.394134 0.447851 0.394666 0.447568 0.396005 0.447798 0.398326 0.449123 0.401010 0.450671 0.402238 0.452302 0.403615 0.453917 0.403575 0.457000 0.402257 0.458006 0.403963 0.458497 0.404153 0.459903 0.403573 0.461129 0.403500 0.462188 0.403878 0.462898 0.403550 0.463685 0.402922 0.464466 0.403053 0.465514 0.403823 0.467758 0.403254 0.469434 0.402481 0.470269 0.403848 0.470758 0.404318 0.472659 0.403965 0.473899 0.403548 0.475596 0.402921 0.476040 0.403564 0.477472 0.403318 0.478662 0.402870 0.480063 0.403869 0.481391 0.403881 0.482535 0.404271 0.483882 0.404650 0.485812 0.404142 0.485605 0.403218 0.485387 0.403190 0.486516 0.403652 0.487311 0.404640 0.487072 0.403695 0.488226 0.404148 0.489115 0.404782 0.489591 0.405180 0.490317 0.405385 0.490820 0.405090 0.491566 0.405023 0.492155 0.405349 0.492739 0.405533 0.493395 0.405561 0.494518 0.405382 0.495288 0.405396 0.497659 0.405547 0.498881 0.406246 0.499782 0.406779 0.500718 0.406748 0.501642 0.407032 0.502700 0.407421 0.503690 0.407484 0.505823 0.407339 0.506908 0.407575 0.507690 0.408399 0.508370 0.408868 0.508713 0.409107 0.509532 0.409591 0.510700 0.409784 0.511786 0.410164 0.512515 0.410567 0.513635 0.411079 0.514724 0.410662 0.515895 0.410649 0.516460 0.411196 0.517001 0.411187 0.517791 0.411231 0.518537 0.412835 0.520083 0.413683 0.521492 0.414226 0.522691 0.414763 0.522970 0.415476 0.524000 0.415934 0.524758 0.415773 0.525357 0.416310 0.525806 0.417130 0.526618 0.417314 0.527273 0.417848 0.528210 0.417705 0.528620 0.418142 0.529192 0.418617 0.529929 0.419546 0.530879 0.420316 0.531922 0.420687 0.532576 0.420485 0.533480 0.420430 0.534011 0.421222 0.534038 0.422265 0.534657 0.422808 0.534992 0.423056 0.535547 0.423621 0.536255 0.424455 0.536671 0.424943 0.537282 0.425813 0.538288 0.425143 0.539206 0.425357 0.540140 0.425797 0.540561 0.426104 0.539758 0.426601 0.539667 0.426999 0.539868 0.427271 0.540645 0.427942 0.540948 0.428990 0.541960 0.430195 0.543200 0.431269 0.544622 0.431536 0.545175 0.431590 0.545676 0.432136 0.545861 0.432819 0.546274 0.433483 0.547197 0.434200 0.547757 0.434859 0.548447 0.435218 0.548990 0.436608 0.550040 0.437696 0.551236 0.438343 0.552010 0.439301 0.553051 0.440355 0.554119 0.441444 0.554808 0.442382 0.555664 0.443830 0.557065 0.445466 0.558820 0.446333 0.560059 0.447242 0.560824 0.447533 0.561261 0.448073 0.561390 0.448634 0.561892 0.448676 0.562451 0.449489 0.562851 0.450394 0.563747 0.451095 0.564328 0.452184 0.565543 0.453434 0.567021 0.454325 0.568068 0.457205 0.571077 0.458350 0.572286 0.459745 0.573729 0.461665 0.576018 0.462049 0.576841 0.462791 0.577624 0.463634 0.578302 0.464722 0.579329 0.465312 0.580091 0.465998 0.580711 0.466407 0.581361 0.466979 0.581787 0.467302 0.582165 0.467202 0.582457 0.467069 0.582647
23 0.521214 0.614917 0.519730 0.618194 0.520939 0.619302 0.521341 0.616780 0.521832 0.616464 0.522461 0.617410 0.522716 0.619071 0.523374 0.619600 0.524083 0.618172 0.524965 0.618001 0.524938 0.619130 0.526289 0.619471 0.526649 0.620371 0.526844 0.621814 0.527713 0.625323 0.527232 0.626427 0.527628 0.627998 0.527407 0.629073 0.527665 0.629721 0.527531 0.630562 0.526620 0.630811 0.525086 0.633818 0.524417 0.635955 0.523937 0.636721 0.522788 0.637897 0.520861 0.640546 0.519306 0.642818 0.517381 0.644791 0.515208 0.646398 0.512587 0.648185 0.508938 0.650196 0.505736 0.651820 0.502312 0.653131 0.497953 0.654130 0.494897 0.655025 0.491796 0.655512 0.489888 0.655231 0.488148 0.655796 0.485472 0.656049 0.483955 0.656252 0.481013 0.655783 0.477617 0.655626 0.472639 0.655416 0.469333 0.654872 0.467770 0.654657 0.465251 0.654455 0.463768 0.654278 0.463293 0.654742 0.462445 0.654196 0.461646 0.654095 0.460262 0.653795 0.457876 0.653266 0.455417 0.652745 0.452504 0.652198 0.449484 0.651700 0.445732 0.650681 0.443780 0.649992 0.440897 0.649367 0.437564 0.647866 0.435725 0.647038 0.431670 0.645302 0.426195 0.642593 0.422112 0.639920 0.416640 0.636198 0.410921 0.631938 0.406997 0.628648 0.400724 0.623424 0.396758 0.620439 0.393475 0.617867 0.389167 0.614844 0.383613 0.610717 0.380727 0.609041 0.377772 0.607410 0.374133 0.605365 0.369301 0.602699 0.361932 0.599144 0.357004 0.596977 0.352651 0.595272 0.349419 0.593859 0.344218 0.591946 0.336916 0.589699 0.330587 0.587421 0.326362 0.585515 0.322101 0.583613 0.315658 0.580633 0.307713 0.576616 0.303952 0.574134 0.300787 0.572301 0.297339 0.569935 0.294578 0.567682 0.293990 0.567107 0.292024 0.565594 0.288037 0.562761 0.284185 0.560139 0.281616 0.557565 0.280394 0.556684 0.280034 0.555446 0.278898 0.554669 0.277321 0.552588 0.276387 0.551600 0.275417 0.550617 0.274315 0.549798 0.273557 0.549393 0.272421 0.547226 0.271079 0.544651 0.270105 0.543293 0.269207 0.542977 0.269160 0.542194 0.268444 0.541821 0.268117 0.540543 0.268473 0.539678 0.267699 0.539462 0.266893 0.538949 0.266734 0.538178 0.266096 0.537834 0.265970 0.537022 0.265910 0.536127 0.264708 0.534043 0.263837 0.532936 0.262928 0.531834 0.262584 0.531017 0.263131 0.530170 0.263396 0.529503 0.262716 0.529464 0.261429 0.530054 0.260599 0.530370 0.260593 0.529619 0.261415 0.528892 0.260765 0.526710 0.259933 0.526312 0.259428 0.524077 0.259858 0.523204 0.258957 0.522852 0.259701 0.521757 0.261019 0.517297 0.261711 0.513993 0.261857 0.511634 0.261261 0.510985 0.262500 0.508223 0.263714 0.503848 0.264126 0.502114 0.265440 0.499343 0.266943 0.496252 0.268282 0.495093 0.268287 0.494454 0.269196 0.493492 0.271355 0.490554 0.272898 0.488171 0.275427 0.484754 0.278596 0.481444 0.280746 0.478770 0.283095 0.475512 0.285504 0.472810 0.288784 0.469825 0.291556 0.467347 0.293955 0.465246 0.301358 0.459014 0.304551 0.456264 0.308282 0.452592 0.310932 0.450728 0.313389 0.448809 0.317432 0.445916 0.319709 0.445106 0.319956 0.443577 0.320918 0.442759 0.322576 0.442466 0.324239 0.441535 0.327089 0.439085 0.329023 0.437186 0.331689 0.435469 0.333378 0.434422 0.334818 0.433515 0.336402 0.433230 0.338188 0.432398 0.339250 0.431457 0.340941 0.431123 0.345195 0.430100 0.348569 0.428683 0.352359 0.427970 0.354672 0.427832 0.357058 0.428023 0.358472 0.427907 0.359657 0.428454 0.361785 0.427997 0.364069 0.427599 0.366729 0.427197 0.369380 0.426722 0.372025 0.427223 0.373936 0.427878 0.374880 0.427588 0.376578 0.428004 0.382008 0.430305 0.383074 0.431128 0.384044 0.432111 0.386114 0.433538 0.387626 0.433975 0.388768 0.435164 0.393171 0.438365 0.395943 0.440729 0.398521 0.443378 0.401291 0.446756 0.404019 0.450101 0.405178 0.451777 0.405648 0.452867 0.405611 0.452999 0.405531 0.453290 0.405373 0.453739 0.404698 0.454262 0.404385 0.455179 0.404333 0.456780 0.404911 0.457261 0.404914 0.458669 0.404786 0.461292 0.404461 0.465635 0.404584 0.467799 0.404509 0.470397 0.404612 0.473127 0.404539 0.474880 0.404574 0.476585 0.404688 0.478149 0.404656 0.479579 0.405114 0.484958 0.405336 0.486830 0.405238 0.488173 0.405639 0.491742 0.405858 0.493764 0.406231 0.496333 0.407394 0.500867 0.407680 0.502638 0.408105 0.504994 0.408989 0.507465 0.409565 0.509655 0.410488 0.512277 0.411456 0.515339 0.412210 0.517265 0.412773 0.518649 0.413699 0.520088 0.414957 0.522819 0.416373 0.525143 0.417017 0.525711 0.417512 0.526940 0.418863 0.529227 0.420296 0.531361 0.422273 0.533831 0.424017 0.536063 0.426993 0.539438 0.428187 0.540753 0.430421 0.543176 0.432263 0.545266 0.435923 0.549038 0.436728 0.549865 0.436743 0.549880 0.436746 0.549883 0.439113 0.552314 0.441595 0.554613 0.443357 0.556318 0.446306 0.559264 0.448012 0.560974 0.450181 0.562972 0.452305 0.565069 0.454719 0.567941 0.456554 0.569933 0.457124 0.570552 0.459254 0.572874 0.461361 0.574991 0.462276 0.576421 0.465759 0.579797 0.468135 0.582655 0.468857 0.583778 0.470354 0.585117 0.472475 0.587702 0.474658 0.590168 0.476922 0.592700 0.478553 0.594926 0.478523 0.595680 0.479341 0.596304 0.480024 0.597056 0.481179 0.598357 0.482362 0.599918 0.483932 0.601925 0.484765 0.603374 0.485835 0.603896 0.486714 0.605076 0.488072 0.606168 0.489221 0.606381 0.490770 0.606813 0.491626 0.607096 0.491493 0.607936 0.492443 0.608396 0.493407 0.608967 0.493891 0.609628 0.494887 0.610158 0.495805 0.610658 0.496756 0.611118 0.497654 0.611434 0.498407 0.612140 0.497532 0.612386 0.497700 0.612893 0.498830 0.612582 0.500163 0.613451 0.501090 0.613688 0.502092 0.613579 0.503572 0.613381 0.502499 0.614211 0.501385 0.614670 0.500563 0.615398 0.500375 0.616432 0.501505 0.616121 0.502857 0.616124 0.503985 0.616490 0.505362 0.616378 0.506153 0.616404 0.507377 0.616609 0.508530 0.616859 0.509964 0.616929 0.511106 0.617068 0.512239 0.617132 0.513126 0.616660 0.513322 0.615700 0.514284 0.615221 0.515554 0.615158 0.516488 0.615469 0.517356 0.614812 0.518326 0.615456 0.518326 0.615457 0.518327 0.615457 0.521214 0.614917
24 0.468870 0.689384 0.466529 0.689162 0.462582 0.688787 0.460298 0.688601 0.455193 0.688204 0.451032 0.687230 0.449234 0.687167 0.447377 0.687101 0.445314 0.686866 0.442132 0.686503 0.439975 0.686257 0.439086 0.686092 0.436323 0.685580 0.433845 0.685121 0.427054 0.683505 0.423281 0.682385 0.416492 0.680448 0.409402 0.678471 0.403396 0.676580 0.396007 0.673837 0.391572 0.671981 0.388495 0.671039 0.386240 0.669895 0.383799 0.668593 0.380749 0.667038 0.379736 0.666013 0.378248 0.665104 0.376872 0.664070 0.375909 0.662204 0.374141 0.661570 0.370967 0.660263 0.365556 0.657742 0.360719 0.655377 0.354113 0.652856 0.348638 0.651095 0.342806 0.649683 0.339493 0.648729 0.339089 0.648210 0.339488 0.647737 0.339489 0.647738 0.337763 0.646937 0.333969 0.644497 0.328256 0.642714 0.323241 0.641833 0.321157 0.641647 0.320190 0.641038 0.313194 0.640458 0.304838 0.639563 0.298328 0.637005 0.296439 0.635858 0.286915 0.633890 0.281839 0.632790 0.268519 0.628879 0.262778 0.626837 0.256887 0.623760 0.249748 0.622321 0.241947 0.618588 0.237235 0.615647 0.230542 0.611756 0.220988 0.606750 0.214055 0.599957 0.207675 0.594794 0.194113 0.578810 0.189735 0.572378 0.185325 0.565311 0.183447 0.561498 0.179215 0.552215 0.177286 0.543790 0.174643 0.532251 0.171011 0.511479 0.170928 0.501389 0.171992 0.487472 0.173257 0.477348 0.176670 0.466954 0.179436 0.458206 0.181916 0.456850 0.184825 0.451315 0.187191 0.447229 0.189476 0.444305 0.191500 0.440460 0.192734 0.438668 0.196572 0.431846 0.201267 0.425067 0.202237 0.423274 0.203627 0.421381 0.203883 0.420957 0.209696 0.413320 0.212880 0.408723 0.215005 0.405624 0.217186 0.403885 0.220009 0.399475 0.225678 0.393640 0.232460 0.385089 0.238826 0.378087 0.248203 0.367437 0.256453 0.358605 0.262282 0.352804 0.273421 0.343327 0.286612 0.332785 0.292952 0.327527 0.301710 0.321528 0.309076 0.317109 0.314447 0.313710 0.326000 0.306465 0.329780 0.304114 0.335023 0.301303 0.337411 0.299896 0.339719 0.298290 0.342351 0.297072 0.345979 0.295149 0.347787 0.293637 0.353070 0.290542 0.356771 0.287982 0.358370 0.287541 0.365000 0.283427 0.369653 0.280426 0.375634 0.275665 0.378591 0.272210 0.411118 0.255761 0.419313 0.251717 0.426673 0.248965 0.430730 0.248299 0.434791 0.246281 0.441132 0.245217 0.452127 0.242746 0.458112 0.242546 0.461248 0.241004 0.469090 0.239926 0.473839 0.239410 0.478484 0.237930 0.491861 0.235275 0.502306 0.234665 0.505273 0.235019 0.510389 0.236490 0.517855 0.237481 0.520613 0.238683 0.521520 0.242188 0.520927 0.245031 0.519516 0.247470 0.531277 0.246598 0.540873 0.246460 0.545250 0.246661 0.550332 0.245053 0.561042 0.244788 0.573144 0.245651 0.585727 0.248115 0.597918 0.251327 0.598212 0.251404 0.597573 0.249691 0.596302 0.249202 0.595312 0.248820 0.595974 0.248101 0.597086 0.248318 0.598016 0.248370 0.598331 0.249759 0.600546 0.250795 0.607819 0.253121 0.617069 0.257747 0.626877 0.263700 0.634383 0.268516 0.640813 0.273787 0.641765 0.275297 0.643214 0.276191 0.649178 0.280504 0.657970 0.288521 0.662084 0.293556 0.665041 0.296238 0.666322 0.298013 0.669101 0.299401 0.668642 0.300014 0.666024 0.299132 0.658136 0.291157 0.666370 0.299483 0.671232 0.305000 0.672800 0.304708 0.677480 0.309080 0.683784 0.316654 0.688646 0.324085 0.693552 0.330535 0.697675 0.336694 0.701171 0.343297 0.704476 0.350221 0.704074 0.351901 0.706070 0.359189 0.707595 0.369767 0.708250 0.370256 0.709493 0.380925 0.710186 0.389637 0.709651 0.399169 0.709561 0.402183 0.707573 0.408072 0.704959 0.415489 0.700780 0.421950 0.697200 0.425467 0.695778 0.424444 0.692342 0.427895 0.688965 0.428634 0.686601 0.432416 0.684371 0.436114 0.685045 0.437332 0.683654 0.440653 0.681133 0.442172 0.676765 0.444822 0.673313 0.444826 0.670230 0.446212 0.664392 0.453033 0.665217 0.456057 0.663134 0.457380 0.658911 0.459462 0.656024 0.460718 0.651803 0.461263 0.648337 0.461475 0.646412 0.462161 0.644473 0.462738 0.643292 0.463327 0.640285 0.465194 0.636671 0.467181 0.632943 0.470117 0.629962 0.472466 0.628691 0.473406 0.624876 0.476855 0.623824 0.477925 0.621554 0.479683 0.620619 0.480263 0.619004 0.480711 0.617653 0.483094 0.614893 0.486593 0.614249 0.487269 0.612947 0.488630 0.611321 0.490900 0.610734 0.492406 0.608745 0.495604 0.607174 0.499239 0.604895 0.503365 0.603671 0.505257 0.601728 0.508013 0.600214 0.510935 0.599707 0.511459 0.598682 0.512313 0.597853 0.513190 0.597852 0.513190 0.597853 0.513190 0.594873 0.515799 0.593011 0.517119 0.590612 0.518242 0.587632 0.520835 0.585992 0.522963 0.584359 0.524300 0.581848 0.524906 0.582012 0.526117 0.583625 0.529366 0.586037 0.535355 0.587182 0.540351 0.588746 0.546740 0.590432 0.556755 0.590501 0.559273 0.592161 0.570010 0.592789 0.572306 0.593190 0.575638 0.593245 0.575941 0.593285 0.576160 0.593642 0.578109 0.594485 0.587253 0.595250 0.594978 0.595411 0.602912 0.594935 0.612350 0.593591 0.619328 0.591193 0.629050 0.587320 0.639006 0.583645 0.645839 0.576780 0.655219 0.570706 0.661511 0.563976 0.666597 0.560202 0.669184 0.557088 0.670878 0.551771 0.674045 0.545001 0.677869 0.543068 0.678281 0.542884 0.679521 0.542070 0.680408 0.541746 0.677828 0.537390 0.679921 0.528650 0.682097 0.524931 0.682431 0.525261 0.681199 0.521994 0.681866 0.521715 0.681882 0.522026 0.684084 0.519304 0.684527 0.516698 0.684951 0.514506 0.685307 0.513008 0.685550 0.511104 0.685860 0.510885 0.685896 0.510658 0.685917 0.507764 0.686189 0.504949 0.686453 0.502513 0.686682 0.500641 0.686858 0.499160 0.686997 0.493777 0.687503 0.489949 0.687863 0.486749 0.688164 0.485317 0.688298 0.483853 0.688374 0.480070 0.688569 0.475918 0.688783 0.472175 0.688976 0.473069 0.688930 0.472748 0.689450 0.472067 0.689460 0.469974 0.689489 0.468870 0.689384
24 0.461123 0.602214 0.460384 0.602806 0.460465 0.604050 0.458374 0.605570 0.455736 0.607702 0.453184 0.609893 0.450892 0.610820 0.447888 0.610190 0.440230 0.606547 0.434157 0.602838 0.427533 0.597748 0.421996 0.592196 0.418208 0.589398 0.413639 0.583821 0.409114 0.579191 0.402447 0.568068 0.399405 0.562052 0.397011 0.555144 0.395533 0.547793 0.395569 0.542462 0.397516 0.540276 0.401305 0.538701 0.407216 0.539151 0.411588 0.542907 0.417050 0.546687 0.425096 0.553325 0.431440 0.558911 0.443808 0.570003 0.450237 0.575723 0.460540 0.584589 0.463655 0.587461 0.467415 0.592578 0.470956 0.597454 0.468030 0.598797 0.463382 0.600399 0.461123 0.602214
24 0.449726 0.621373 0.449615 0.620613 0.448602 0.620555 0.447788 0.618873 0.447065 0.618761 0.446432 0.618599 0.445643 0.618311 0.445200 0.617703 0.444443 0.617376 0.443237 0.616699 0.442659 0.616369 0.441436 0.615990 0.440019 0.614854 0.438665 0.614548 0.437758 0.614623 0.437203 0.615027 0.437060 0.613709 0.435434 0.612795 0.434962 0.612076 0.433643 0.611505 0.432110 0.610508 0.430847 0.609575 0.430179 0.609465 0.429486 0.608772 0.428155 0.607813 0.426242 0.606824 0.425706 0.606875 0.425852 0.607370 0.425694 0.607991 0.425437 0.607526 0.424968 0.606505 0.425236 0.605333 0.424847 0.605207 0.423770 0.605323 0.422913 0.604699 0.422990 0.604166 0.422410 0.603463 0.421772 0.602985 0.420567 0.602254 0.419833 0.601583 0.419028 0.601091 0.418031 0.599829 0.415600 0.597229 0.413856 0.595677 0.412377 0.594161 0.411479 0.593676 0.411583 0.593054 0.410713 0.592234 0.408569 0.589592 0.406484 0.586982 0.405678 0.586180 0.404880 0.585374 0.405479 0.584839 0.404788 0.584881 0.402937 0.582866 0.401453 0.580936 0.400083 0.579039 0.399214 0.577451 0.397717 0.575400 0.397140 0.574898 0.396864 0.574475 0.397336 0.574288 0.397564 0.573949 0.396952 0.573690 0.396369 0.573042 0.395523 0.571591 0.395206 0.570786 0.395221 0.570351 0.394837 0.569966 0.394575 0.569781 0.393898 0.568769 0.394153 0.568478 0.393859 0.568044 0.392907 0.566747 0.393304 0.566559 0.393820 0.566316 0.393634 0.565961 0.392643 0.565731 0.392498 0.565257 0.391992 0.564150 0.391560 0.563312 0.391176 0.562213 0.390494 0.561097 0.389854 0.560268 0.389897 0.559615 0.389610 0.558729 0.389251 0.557850 0.388686 0.556616 0.388159 0.555415 0.387483 0.553614 0.387259 0.553151 0.386827 0.552409 0.387155 0.551961 0.386697 0.551596 0.386455 0.550813 0.386091 0.549905 0.385971 0.549129 0.385681 0.548586 0.385738 0.547861 0.385739 0.547380 0.385235 0.546721 0.384904 0.546083 0.385020 0.545560 0.385040 0.544845 0.384583 0.544213 0.384703 0.543389 0.384922 0.542127 0.384663 0.541833 0.383725 0.542161 0.383763 0.541691 0.384364 0.541177 0.384602 0.540566 0.384333 0.539638 0.384314 0.538795 0.384310 0.537592 0.383965 0.537122 0.384043 0.536492 0.384223 0.535913 0.383830 0.535395 0.384048 0.534421 0.384271 0.533380 0.383584 0.532928 0.383768 0.532720 0.384311 0.532526 0.384380 0.531976 0.384130 0.531389 0.384184 0.530293 0.385549 0.528770 0.388305 0.525175 0.390429 0.522752 0.392386 0.521914 0.394269 0.521981 0.395923 0.521599 0.396291 0.521512 0.397439 0.521197 0.398355 0.521117 0.399419 0.521306 0.400332 0.521761 0.401047 0.522474 0.401320 0.523219 0.402452 0.524011 0.403115 0.524188 0.404049 0.524140 0.404768 0.524361 0.405433 0.524792 0.406699 0.525595 0.408023 0.526409 0.408878 0.526970 0.409407 0.527328 0.410907 0.528556 0.411997 0.529734 0.412769 0.530512 0.413218 0.530668 0.413880 0.531518 0.414723 0.532213 0.416251 0.533682 0.417768 0.535017 0.419541 0.536852 0.421164 0.538513 0.422226 0.539738 0.423730 0.541550 0.425009 0.542762 0.425669 0.543666 0.425743 0.543721 0.426063 0.543992 0.427024 0.545092 0.428352 0.546586 0.429151 0.547413 0.429745 0.548044 0.430652 0.549451 0.431531 0.550404 0.432882 0.551650 0.434567 0.553192 0.436017 0.554405 0.437759 0.556107 0.438896 0.557237 0.439989 0.558306 0.441097 0.559325 0.442277 0.560666 0.443184 0.561785 0.444348 0.562847 0.445238 0.563474 0.445960 0.564354 0.447555 0.566042 0.448325 0.566970 0.449227 0.567964 0.450578 0.569018 0.451503 0.569765 0.452438 0.570431 0.453802 0.571798 0.455402 0.573206 0.456021 0.573514 0.457506 0.574483 0.457515 0.574500 0.457524 0.574495 0.458733 0.575660 0.460268 0.577199 0.461237 0.578199 0.462316 0.579031 0.463200 0.579703 0.464226 0.580650 0.465273 0.581830 0.466812 0.583069 0.468306 0.584535 0.468953 0.585318 0.470715 0.587019 0.472711 0.589508 0.475414 0.592811 0.477142 0.594873 0.479193 0.597577 0.480031 0.599033 0.480932 0.599718 0.481866 0.601078 0.481513 0.601519 0.481406 0.601653 0.481079 0.601215 0.478470 0.597679 0.481404 0.601658 0.480458 0.600689 0.480454 0.600686 0.480263 0.600662 0.480167 0.600590 0.478731 0.599401 0.475475 0.596739 0.475253 0.596557 0.475148 0.596446 0.475127 0.596424 0.469244 0.590180 0.465431 0.585891 0.462646 0.582228 0.459483 0.579500 0.453925 0.574333 0.450721 0.571819 0.447342 0.568431 0.441636 0.562514 0.440710 0.561555 0.438083 0.558754 0.434515 0.555545 0.430893 0.552218 0.428762 0.549814 0.426069 0.547124 0.423549 0.544306 0.421688 0.542734 0.420922 0.541505 0.420342 0.540824 0.418625 0.538628 0.416001 0.537201 0.414756 0.535586 0.414490 0.535029 0.411373 0.532692 0.408369 0.530462 0.404594 0.528691 0.401966 0.527159 0.398857 0.526533 0.396864 0.524512 0.396097 0.524243 0.395677 0.524102 0.394631 0.524255 0.393533 0.524852 0.391498 0.526031 0.391008 0.528094 0.389494 0.532121 0.388742 0.534713 0.387828 0.536338 0.387723 0.537207 0.387871 0.537744 0.388338 0.540727 0.388432 0.546157 0.390416 0.552961 0.392784 0.558433 0.394706 0.564237 0.397612 0.570200 0.402625 0.578719 0.407914 0.584633 0.420201 0.598799 0.426601 0.603021 0.431814 0.607025 0.437201 0.609514 0.447202 0.615155 0.450251 0.617157 0.452214 0.618950 0.452535 0.619242 0.452354 0.619396 0.450904 0.620645 0.450782 0.620543 0.450681 0.620462 0.450803 0.620563 0.450903 0.620647 0.450884 0.620806 0.450854 0.621079 0.450417 0.621406 0.449790 0.621796 0.449726 0.621373